109	807	4	10
1	3	10	0	3	1	2	2	3	3	3	4	3	5	2	6	0	7	2	8	3	9	2	
2	2	10	10	2	11	2	12	3	13	2	14	2	0	2	15	2	16	2	2	2	8	3	
3	1	10	11	1	2	1	12	1	16	1	17	1	18	1	19	1	20	1	21	0	15	0	
4	0	10	22	0	23	0	24	0	25	0	26	0	27	0	28	1	29	0	19	0	30	0	
5	3	10	31	2	32	3	15	3	2	2	19	2	33	3	27	3	24	3	30	2	34	3	
6	2	10	34	2	0	2	35	3	36	2	37	2	12	2	15	2	19	2	38	3	24	2	
7	0	10	12	1	39	1	34	0	40	1	33	1	41	1	20	1	8	1	42	1	10	0	
8	0	10	0	0	39	0	43	0	2	1	44	0	22	0	45	0	46	0	19	0	4	1	
9	0	10	47	0	48	0	49	0	34	0	50	1	51	0	26	0	33	0	15	2	8	0	
10	0	10	1	2	15	0	52	0	53	0	33	0	50	0	20	0	11	0	2	1	8	0	
11	0	10	49	0	24	0	30	0	4	0	38	0	53	1	34	0	18	0	54	0	2	1	
12	1	10	49	0	1	1	0	1	9	0	42	0	3	1	33	1	7	1	30	1	25	1	
13	3	10	1	3	13	2	0	3	24	2	42	3	8	3	9	3	4	2	11	3	12	3	
14	1	10	11	1	34	0	35	1	55	1	8	1	56	1	57	2	43	0	15	0	5	1	
15	3	10	39	3	54	3	33	3	35	3	41	3	15	3	58	3	42	2	2	2	27	3	
16	0	10	46	0	55	0	33	0	59	0	49	0	60	0	10	1	24	0	30	0	61	0	
17	3	10	12	3	39	3	9	3	38	3	16	3	20	3	42	3	44	3	21	2	57	2	
18	1	10	42	1	2	1	39	1	25	1	16	1	17	1	8	1	60	1	12	1	53	1	
19	1	10	15	0	11	0	2	0	52	0	30	0	8	0	54	0	12	0	33	0	13	0	
20	1	10	12	0	10	0	35	1	46	1	14	1	22	1	8	1	54	0	15	0	60	1	
21	2	10	49	2	42	3	1	2	46	3	22	3	39	3	62	2	15	2	14	2	33	3	
22	3	10	12	3	10	3	16	3	8	3	55	2	21	3	34	1	22	3	54	2	20	3	
23	0	10	47	0	0	0	38	0	2	1	63	0	12	0	9	0	54	0	35	0	19	0	
24	1	10	48	1	52	1	24	2	61	0	36	1	12	1	64	0	22	0	53	1	46	1	
25	2	10	1	2	49	3	2	3	21	3	57	2	43	3	9	3	33	3	65	3	8	2	
26	3	10	3	3	30	3	48	3	52	3	33	3	46	3	19	3	57	2	21	3	15	3	
27	3	10	1	3	2	3	66	2	12	3	24	3	51	3	55	2	22	3	33	3	8	3	
28	2	10	13	0	2	2	26	2	19	2	12	2	18	2	39	2	42	2	28	1	50	2	
29	3	10	11	3	2	3	67	3	30	3	46	3	55	3	12	3	34	1	59	3	33	3	
30	1	10	2	0	30	0	34	0	26	1	19	1	4	1	21	0	40	1	9	0	58	1	
31	2	10	47	2	0	3	12	2	14	2	9	2	8	3	30	3	34	2	42	2	19	2	
32	1	10	10	1	24	1	42	1	14	1	8	1	26	1	33	1	68	1	30	1	34	0	
33	0	10	18	0	57	1	8	0	24	1	15	1	2	0	10	1	40	1	20	0	33	1	
34	0	10	0	1	15	1	23	1	2	0	13	0	52	0	30	1	12	1	14	0	34	1	
35	3	10	35	3	69	3	3	3	24	3	22	3	52	3	55	2	25	2	13	3	19	2	
36	3	10	11	3	15	3	69	3	24	3	36	2	70	3	27	3	38	3	50	3	46	3	
37	3	10	22	3	30	2	39	3	15	3	57	2	27	3	41	3	28	2	4	3	34	3	
38	2	10	10	3	30	2	60	2	18	2	33	2	2	2	16	3	15	3	28	2	21	2	
39	3	10	71	3	4	3	22	2	7	2	19	2	8	2	12	3	40	3	24	3	21	3	
40	2	10	36	2	9	2	16	2	22	2	18	2	40	2	26	2	28	2	12	2	72	2	
41	2	10	73	2	74	2	48	2	0	2	34	2	15	2	30	2	33	2	29	2	71	2	
42	0	10	15	1	10	1	0	0	34	1	39	0	42	0	64	0	57	1	11	0	9	1	
43	3	10	48	3	47	3	55	3	46	3	33	3	30	3	24	3	8	3	19	3	42	3	
44	2	10	21	2	34	2	36	2	42	1	19	2	8	2	20	2	33	2	13	2	65	2	
45	0	10	1	0	30	1	66	0	2	1	15	1	52	0	8	0	19	1	38	0	9	0	
46	0	10	15	0	0	0	36	0	1	1	42	0	22	0	6	0	39	0	46	0	8	0	
47	1	10	10	1	48	0	39	1	33	1	25	1	30	1	4	0	16	1	8	1	54	1	
48	2	10	12	2	30	2	33	2	34	2	60	2	40	2	22	2	46	2	2	2	13	3	
49	2	10	49	2	75	2	24	2	1	3	8	3	2	2	27	2	15	2	34	2	72	2	
50	1	10	34	1	42	0	66	0	49	1	7	1	36	1	22	1	30	1	8	1	26	1	
51	2	10	22	3	23	3	24	3	39	3	16	3	1	2	8	3	38	2	57	2	53	2	
52	2	10	10	2	3	2	12	2	38	2	55	2	39	2	11	2	46	2	41	2	19	2	
53	1	10	15	0	60	1	55	0	34	1	36	1	46	1	16	0	49	0	12	1	28	1	
54	0	10	22	1	33	0	7	1	15	0	42	0	34	0	11	0	2	1	8	0	27	1	
55	2	10	34	2	11	3	76	3	77	3	13	3	3	3	33	3	42	3	2	2	35	3	
56	1	10	78	0	11	1	35	1	21	0	4	1	8	1	36	1	40	1	34	0	44	1	
57	3	10	0	0	42	3	48	3	79	3	4	3	36	2	51	2	7	2	44	2	46	3	
58	3	10	36	2	21	3	55	2	12	3	8	3	19	3	24	3	35	3	27	3	65	3	
59	1	10	49	1	9	1	24	0	7	1	40	1	25	1	22	1	50	1	52	1	10	1	
60	2	10	80	2	38	3	79	3	11	3	2	2	33	3	8	3	52	2	53	3	49	3	
61	3	10	39	3	42	3	22	3	61	3	81	3	12	3	62	3	34	3	50	2	18	3	
62	0	10	80	0	38	0	75	0	33	0	12	1	1	1	9	0	6	0	60	0	41	0	
63	1	10	82	0	39	1	1	1	36	1	2	1	54	1	42	0	18	0	33	0	83	0	
64	2	10	82	2	38	2	12	2	46	2	39	2	1	3	22	2	34	2	54	2	28	2	
65	3	10	54	3	0	3	39	3	33	3	25	2	40	3	38	3	2	3	4	3	35	3	
66	3	10	67	2	24	2	12	3	1	3	38	3	55	2	15	2	22	2	46	3	8	3	
67	2	10	35	2	54	2	10	2	7	2	8	2	12	2	42	2	61	2	72	2	21	2	
68	0	10	12	1	35	0	30	1	25	0	26	0	38	0	18	0	54	0	19	0	40	0	
69	2	10	69	2	84	1	12	2	22	2	39	2	16	2	33	2	34	2	57	2	4	1	
70	2	10	30	2	19	2	54	2	16	2	9	2	27	2	57	2	21	2	24	2	65	2	
71	2	10	0	2	12	2	14	2	53	2	46	2	54	2	65	2	33	2	34	2	50	2	
72	3	10	15	3	36	2	3	3	39	3	7	3	34	3	42	3	8	2	30	2	54	3	
73	1	10	0	1	36	1	15	0	12	2	8	1	52	1	19	0	2	1	34	0	39	1	
74	1	10	36	1	24	1	38	1	30	1	34	1	85	1	43	1	28	1	21	1	19	1	
75	3	10	0	3	51	3	55	3	22	3	39	3	33	3	16	3	4	3	42	3	14	3	
76	3	10	67	3	36	2	31	3	14	3	2	3	21	3	16	3	12	3	15	3	43	3	
77	3	10	10	2	49	2	33	3	51	3	46	3	15	3	22	3	12	3	62	3	27	3	
78	3	10	0	3	15	3	19	2	20	3	9	3	29	2	42	3	8	3	28	2	21	3	
79	2	10	10	2	69	2	55	2	22	2	27	2	21	3	43	2	19	2	59	2	15	2	
80	1	10	15	0	1	1	19	1	17	0	86	0	4	0	8	1	24	0	52	0	57	1	
81	1	10	11	1	84	0	66	0	30	0	0	1	76	0	38	1	40	1	36	1	14	1	
82	2	10	39	2	60	2	2	2	8	2	19	2	21	2	34	3	68	2	28	2	87	2	
83	0	10	76	1	88	0	1	1	15	0	25	0	12	1	9	0	10	0	19	0	20	0	
84	0	10	0	0	21	0	39	0	55	1	13	0	15	0	16	0	34	0	19	0	24	0	
85	1	10	10	1	26	1	19	1	30	1	12	1	8	1	42	1	60	1	72	1	2	1	
86	0	10	62	0	57	1	11	0	33	0	26	0	19	0	72	0	24	0	15	0	25	1	
87	1	10	13	1	42	1	0	1	38	1	30	1	7	1	27	1	68	1	15	0	33	1	
88	1	10	15	0	0	1	9	0	18	1	36	1	8	1	50	1	54	1	20	1	41	1	
89	0	10	47	0	15	0	34	0	30	0	57	0	60	0	12	0	21	1	58	0	33	0	
90	1	10	49	1	47	1	89	0	48	0	12	0	3	0	76	0	35	0	0	0	2	0	
91	1	10	80	1	55	1	21	0	2	1	4	1	30	1	29	1	34	1	28	2	19	1	
92	0	10	13	0	34	1	8	0	33	1	4	1	22	0	57	1	12	1	46	0	42	1	
93	2	10	60	3	11	2	76	3	55	2	46	3	38	2	9	3	52	3	33	3	19	3	
94	3	10	76	3	12	3	14	2	22	3	56	3	34	3	50	3	30	3	44	2	9	3	
95	1	10	0	0	9	1	66	1	12	1	2	1	21	1	8	0	43	1	1	1	19	0	
96	2	10	47	2	82	3	2	2	48	2	34	3	9	3	24	3	14	2	4	2	18	2	
97	1	10	36	0	0	1	14	1	9	0	89	1	38	1	42	1	61	0	30	0	16	1	
98	2	10	11	2	67	2	78	2	34	2	14	2	2	2	43	2	7	2	54	2	57	2	
99	0	10	12	0	34	0	36	0	2	1	35	0	21	1	56	1	20	0	72	0	19	0	
100	0	10	0	0	48	0	3	0	9	0	55	1	12	1	60	0	2	1	25	1	33	0	
101	2	10	74	0	54	2	35	2	34	2	26	2	2	2	16	2	22	2	46	2	33	2	
102	1	10	0	1	30	1	14	1	49	1	8	1	59	1	26	1	33	1	27	0	72	0	
103	1	10	48	1	30	3	39	1	12	1	60	1	61	1	15	0	20	1	24	1	54	1	
104	2	10	9	3	21	2	13	2	55	2	24	2	5	2	19	2	65	2	71	3	41	3	
105	1	10	10	0	33	1	55	1	21	1	52	1	19	1	28	1	57	1	30	1	8	1	
106	3	10	60	3	55	2	54	3	0	3	42	3	36	2	53	3	8	3	2	2	41	3	
107	3	10	10	3	4	2	52	3	2	2	33	3	39	2	21	2	40	3	19	2	35	2	
108	0	10	12	3	11	0	39	0	52	0	16	1	19	1	8	0	35	0	41	0	24	0	
109	1	10	77	3	39	1	33	1	1	1	2	0	46	1	43	0	14	1	34	0	20	1	
110	2	10	0	3	55	2	54	2	34	2	21	2	60	2	44	3	20	2	8	2	2	2	
111	3	10	12	3	34	2	2	2	75	3	26	3	9	3	40	2	14	3	59	3	21	3	
112	0	10	49	0	10	0	35	0	16	0	12	0	40	1	4	0	20	0	8	0	19	0	
113	3	10	22	3	0	3	1	3	11	3	36	2	51	3	2	3	19	3	72	3	53	3	
114	2	10	12	3	11	2	21	2	5	2	22	2	46	2	35	2	24	2	13	2	19	2	
115	2	10	0	2	2	2	12	2	40	2	53	2	11	2	50	2	8	3	52	2	19	2	
116	3	10	0	3	34	2	11	3	39	3	12	3	13	2	60	0	22	3	46	3	16	3	
117	2	10	48	2	11	3	12	2	46	3	62	2	39	2	8	2	5	3	27	3	16	3	
118	2	10	22	3	15	2	33	3	0	3	19	3	52	3	7	3	24	3	27	3	28	2	
119	0	10	36	0	30	0	31	1	66	0	38	0	33	0	15	0	34	0	8	0	11	0	
120	0	10	24	2	30	0	44	0	28	0	34	0	9	0	8	0	27	0	62	0	46	0	
121	0	10	71	0	35	0	39	0	13	1	33	0	36	0	9	0	46	0	12	1	41	0	
122	2	10	74	0	21	2	4	2	42	2	24	2	27	2	19	2	40	2	71	2	46	2	
123	2	10	1	3	15	2	25	2	51	2	49	2	36	2	34	2	2	2	30	2	20	2	
124	2	10	22	3	24	2	0	2	18	2	35	3	34	2	39	3	55	2	8	3	20	3	
125	0	10	80	0	0	0	14	0	21	2	15	0	38	0	49	0	29	0	27	1	46	0	
126	2	10	10	2	15	2	0	3	38	3	18	2	46	3	8	3	54	2	65	2	21	2	
127	3	10	30	3	90	3	34	3	2	2	19	2	15	3	57	2	39	3	7	3	24	3	
128	3	10	1	3	0	3	12	3	43	3	34	3	11	3	19	3	27	3	46	3	2	3	
129	2	10	30	2	15	2	11	2	12	2	34	2	33	2	8	2	46	2	22	2	7	2	
130	1	10	38	0	16	0	12	0	30	0	15	0	8	1	41	0	35	0	54	1	21	0	
131	0	10	89	0	71	0	48	0	4	2	56	0	30	0	57	0	33	0	58	0	27	0	
132	1	10	21	1	56	1	51	1	61	0	16	1	7	1	54	1	35	1	34	1	27	0	
133	1	10	82	1	15	1	60	1	75	1	2	1	34	1	30	1	42	1	11	1	62	1	
134	3	10	91	3	15	3	24	3	4	3	57	2	20	3	8	3	46	3	12	3	60	2	
135	2	10	11	2	34	2	2	3	24	2	52	3	1	2	4	2	30	2	33	2	57	2	
136	1	10	12	0	39	1	4	0	36	1	8	1	62	1	20	1	24	0	10	0	2	1	
137	3	10	36	2	1	3	34	3	49	3	26	3	9	3	33	3	20	3	22	3	43	3	
138	2	10	10	2	13	2	36	2	39	2	18	2	34	0	28	0	33	2	2	2	54	2	
139	3	10	34	3	14	2	2	3	15	3	41	3	72	3	27	3	57	2	54	3	65	3	
140	0	10	10	0	36	1	12	1	7	0	27	1	9	1	40	0	52	1	30	1	33	1	
141	3	10	23	3	79	3	36	2	30	3	43	3	34	3	53	3	8	2	19	2	2	2	
142	2	10	0	2	9	2	51	2	36	2	15	2	85	2	21	2	8	2	20	2	19	2	
143	0	10	76	0	49	0	55	0	2	0	89	1	16	0	43	0	12	0	30	0	33	0	
144	1	10	15	0	89	1	36	1	35	1	33	1	18	1	16	1	22	1	2	1	12	1	
145	0	10	1	0	31	0	21	0	8	0	16	0	38	0	12	0	30	0	15	0	28	0	
146	1	10	1	1	36	1	39	1	14	1	75	1	8	1	2	1	20	1	4	1	21	1	
147	3	10	0	3	36	2	2	3	39	3	1	3	76	3	75	3	46	3	60	2	4	3	
148	2	10	0	2	39	3	2	2	50	2	42	3	19	2	8	2	34	3	28	2	21	2	
149	3	10	39	3	54	2	34	3	33	3	22	3	42	2	19	2	52	2	11	3	50	3	
150	3	10	48	3	15	2	33	3	12	3	18	3	40	3	8	3	34	3	50	3	62	3	
151	3	10	10	3	35	3	67	3	24	3	30	3	14	3	12	3	2	2	33	3	87	3	
152	1	10	34	1	55	0	26	1	24	0	52	1	36	1	5	1	42	1	8	1	2	1	
153	2	10	9	2	10	2	39	2	40	2	33	3	26	2	14	2	20	2	62	3	50	3	
154	0	10	89	0	55	1	60	0	52	0	21	1	20	0	42	0	33	0	54	0	19	0	
155	2	10	0	3	3	3	39	3	9	3	21	2	22	3	1	3	14	2	60	2	2	2	
156	2	10	55	2	30	2	24	3	0	2	38	2	2	2	21	2	7	2	34	3	20	2	
157	1	10	89	1	12	1	62	1	8	1	21	1	34	1	60	1	64	1	59	1	49	1	
158	2	10	79	2	34	2	33	3	30	3	12	3	46	3	2	2	19	2	24	2	72	2	
159	1	10	64	0	24	0	18	0	21	0	22	0	19	1	41	1	15	0	8	1	30	0	
160	1	10	15	0	48	0	12	1	7	0	40	1	30	0	20	1	65	0	57	1	41	0	
161	2	10	15	2	2	2	42	3	12	2	8	2	20	2	9	2	53	2	34	2	41	2	
162	1	10	15	0	47	0	0	0	84	0	26	0	41	1	30	0	28	1	8	0	57	1	
163	3	10	36	2	76	3	39	3	21	2	34	3	14	2	40	2	8	3	53	3	20	2	
164	3	10	88	3	55	2	0	3	30	2	57	2	13	3	19	3	28	2	29	2	40	3	
165	0	10	46	0	11	0	2	1	12	1	42	0	15	0	54	0	21	0	34	0	30	1	
166	2	10	24	2	14	2	12	3	52	3	38	3	20	3	40	2	8	2	27	3	61	3	
167	0	10	48	0	12	0	38	0	11	0	34	0	24	0	2	0	18	0	36	0	19	0	
168	0	10	1	0	12	1	75	1	60	0	2	0	52	0	43	0	6	0	8	0	28	1	
169	1	10	15	1	12	1	34	1	1	0	38	0	6	1	44	0	61	1	19	1	20	1	
170	1	10	35	1	23	1	2	2	15	1	33	1	49	1	12	1	53	1	19	1	92	0	
171	2	10	1	2	34	2	14	2	40	2	36	2	56	2	15	2	54	3	60	2	8	2	
172	2	10	12	3	34	3	13	2	75	3	55	2	38	2	7	2	36	2	21	2	30	2	
173	1	10	34	1	2	1	18	1	7	1	39	1	19	1	42	1	28	0	54	1	72	1	
174	3	10	0	3	60	3	34	3	21	3	59	3	5	3	9	3	12	3	20	3	2	2	
175	1	10	15	0	34	0	46	1	1	1	42	1	39	1	20	2	29	1	12	0	2	1	
176	1	10	31	1	3	1	34	1	32	0	30	1	2	1	57	1	28	1	21	1	24	0	
177	0	10	36	0	35	0	4	0	64	0	22	0	30	0	28	1	11	0	72	0	20	0	
178	3	10	9	3	15	3	36	2	27	3	11	3	17	3	22	3	34	3	10	3	93	3	
179	2	10	47	2	0	2	64	2	30	2	19	2	53	2	22	2	8	3	41	2	33	2	
180	3	10	47	2	34	2	55	3	2	3	3	3	12	3	25	2	59	3	22	3	18	3	
181	3	10	9	3	80	2	7	2	79	3	15	3	14	3	22	2	30	2	8	3	52	3	
182	3	10	71	0	42	2	12	3	34	0	4	0	52	0	16	3	9	3	46	3	5	3	
183	3	10	74	3	36	2	0	3	30	2	32	3	94	3	33	3	28	2	54	3	24	3	
184	3	10	11	3	73	3	35	3	34	3	89	3	12	3	16	3	52	3	39	3	61	3	
185	3	10	0	3	54	3	42	3	11	3	30	3	59	3	20	3	24	3	19	2	34	3	
186	2	10	76	2	3	3	36	2	13	2	39	3	60	2	57	2	28	2	9	3	27	3	
187	3	10	13	3	15	3	55	2	95	3	66	2	76	3	4	2	39	3	12	3	7	3	
188	0	10	1	1	14	0	39	0	40	0	59	0	15	0	27	0	8	0	30	0	2	1	
189	0	10	13	0	5	0	15	0	30	0	33	0	38	0	7	1	40	0	2	0	6	0	
190	3	10	67	2	24	2	36	2	54	2	60	2	39	2	2	2	55	2	42	2	8	2	
191	1	10	38	1	21	0	16	0	56	0	8	1	2	1	12	0	15	0	10	0	9	0	
192	3	10	36	2	54	3	15	3	40	3	25	2	11	3	12	3	2	3	20	3	19	3	
193	3	10	18	3	22	3	2	3	40	3	26	2	15	2	59	3	12	3	8	2	29	3	
194	0	10	3	0	75	0	11	0	22	0	55	1	30	1	39	0	16	0	59	0	19	0	
195	3	10	35	3	54	3	42	3	34	3	53	3	41	3	29	2	46	3	93	3	57	2	
196	3	10	35	3	33	3	22	3	15	2	59	3	52	3	16	3	20	2	11	3	41	3	
197	3	10	89	3	10	3	0	2	31	3	55	3	16	3	22	3	8	3	90	3	36	2	
198	2	10	36	2	24	2	42	2	19	2	27	3	93	2	29	2	53	2	12	2	52	2	
199	3	10	36	2	24	3	54	2	8	2	18	2	53	3	15	3	57	2	34	3	40	3	
200	3	10	24	2	51	3	33	3	30	3	19	3	42	3	34	3	15	3	4	3	21	3	
201	2	10	36	2	30	2	19	3	7	2	27	2	11	2	41	2	13	2	42	3	2	2	
202	2	10	0	2	30	2	11	3	9	3	21	3	42	3	22	2	38	2	50	3	33	3	
203	2	10	10	2	36	2	48	3	69	3	15	0	18	2	8	3	5	3	2	2	9	3	
204	1	10	30	0	42	1	15	0	40	1	39	1	12	1	4	1	34	1	58	1	53	1	
205	0	10	13	0	11	0	48	1	18	0	8	0	42	0	52	0	34	1	65	1	33	0	
206	3	10	89	3	38	3	52	3	18	3	4	3	12	3	2	3	8	3	33	3	60	3	
207	1	10	3	1	38	1	9	0	39	1	36	1	8	1	22	1	12	1	59	1	57	1	
208	1	10	7	1	2	1	0	1	33	1	64	1	52	1	43	0	46	1	8	1	27	1	
209	2	10	34	2	0	2	60	3	42	2	19	2	35	2	30	2	40	2	9	2	2	2	
210	2	10	47	2	1	3	30	2	2	2	34	3	12	3	53	3	46	3	93	3	65	3	
211	0	10	2	0	88	0	39	0	12	0	0	0	18	0	56	0	43	0	36	0	53	0	
212	1	10	77	3	42	1	2	1	46	1	15	0	22	1	12	1	34	0	30	1	57	0	
213	1	10	34	0	33	1	16	0	0	1	39	1	30	0	14	1	22	1	13	0	15	0	
214	1	10	38	0	15	0	19	1	16	0	20	1	28	1	33	1	26	1	46	1	27	0	
215	0	10	60	1	50	0	42	1	12	1	11	0	36	0	6	0	17	1	30	0	22	0	
216	0	10	15	0	69	0	48	1	7	0	30	1	14	0	0	0	12	0	2	0	25	0	
217	1	10	36	1	76	1	7	1	16	0	1	1	59	1	40	1	26	1	8	1	62	1	
218	2	10	1	2	2	2	13	2	61	2	16	2	68	2	30	3	5	2	54	3	39	2	
219	1	10	55	0	15	0	8	1	43	0	12	0	30	0	11	1	60	0	39	1	20	1	
220	0	10	22	0	0	0	75	0	60	0	43	0	4	0	56	0	2	0	46	0	20	0	
221	3	10	9	3	69	3	67	3	34	3	19	3	2	3	46	3	40	2	18	3	7	3	
222	2	10	0	2	12	2	19	2	53	2	9	2	8	2	15	2	71	3	40	2	33	2	
223	2	10	2	2	1	2	0	2	5	2	30	2	8	2	19	2	34	2	28	2	44	2	
224	0	10	12	1	36	0	9	0	64	1	35	0	14	0	16	0	19	1	33	0	27	0	
225	0	10	15	0	48	0	11	0	36	0	22	0	4	0	13	1	30	0	8	0	33	0	
226	2	10	49	2	15	2	39	2	7	2	30	3	14	2	20	3	2	2	8	2	61	3	
227	3	10	23	3	24	2	15	3	34	3	42	3	4	2	2	3	60	2	19	2	54	3	
228	2	10	36	2	24	2	21	3	22	3	39	3	12	3	54	3	27	3	6	3	18	2	
229	0	10	0	0	42	0	54	0	12	0	36	0	22	0	33	0	39	0	8	0	50	0	
230	1	10	15	0	9	0	30	0	59	1	42	0	8	0	96	0	20	0	41	1	34	0	
231	1	10	67	0	3	0	42	0	16	0	1	1	36	1	18	0	34	1	5	0	15	0	
232	3	10	0	3	48	2	39	3	12	3	50	3	46	3	30	3	28	2	62	3	71	3	
233	1	10	36	0	34	1	76	1	49	1	42	1	9	0	12	1	19	1	27	1	60	1	
234	1	10	73	1	55	0	62	0	15	0	1	1	2	1	8	1	54	1	42	1	19	1	
235	2	10	11	2	1	3	49	2	25	2	9	3	94	3	12	3	2	2	8	2	15	3	
236	0	10	23	0	38	0	11	0	42	0	34	1	26	0	62	0	20	0	54	0	24	0	
237	1	10	1	1	42	0	32	1	40	0	4	1	43	0	19	0	59	1	12	1	34	1	
238	2	10	89	2	84	2	36	2	30	2	21	2	2	2	39	3	59	3	5	3	34	3	
239	1	10	36	1	34	1	14	1	94	1	43	0	8	1	26	1	2	1	27	0	57	0	
240	2	10	48	2	1	2	0	2	18	2	15	2	22	3	12	3	53	2	42	2	19	2	
241	0	10	12	1	11	0	1	0	40	0	4	0	28	0	24	0	21	0	57	0	2	0	
242	2	10	33	2	0	2	42	3	39	2	36	2	7	2	2	2	30	2	12	2	34	2	
243	1	10	22	1	84	1	13	1	5	1	42	1	51	0	14	1	8	1	12	1	4	1	
244	1	10	11	1	7	1	55	1	61	1	16	1	52	1	30	0	68	0	85	1	46	1	
245	3	10	3	3	42	3	75	3	5	2	34	3	40	3	38	3	43	3	22	3	46	3	
246	3	10	22	3	2	3	8	3	15	3	12	3	33	3	28	2	19	3	7	2	71	3	
247	2	10	22	3	10	2	34	2	7	2	4	3	30	3	42	2	57	2	19	2	54	3	
248	2	10	34	3	30	2	42	3	39	3	12	3	6	3	46	3	28	2	18	3	93	3	
249	1	10	13	1	12	0	39	1	60	1	16	0	40	1	54	1	2	1	14	1	15	0	
250	3	10	82	3	0	3	89	3	2	3	42	3	34	3	38	3	39	3	28	2	72	3	
251	1	10	2	0	3	1	39	0	12	1	6	0	33	1	8	1	59	1	15	0	42	1	
252	2	10	22	2	15	2	1	3	6	3	38	3	2	2	41	2	21	3	53	2	40	3	
253	2	10	74	2	47	2	76	2	12	3	21	3	54	3	6	2	70	2	64	3	40	2	
254	3	10	23	3	35	3	39	3	46	3	30	2	70	3	9	3	33	3	44	3	5	3	
255	2	10	12	2	22	3	4	2	40	2	9	2	20	2	52	3	35	2	8	3	19	2	
256	1	10	34	0	0	1	30	0	19	1	12	0	43	0	13	1	7	0	21	1	52	0	
257	0	10	1	1	34	0	47	1	89	0	36	1	0	0	30	0	51	0	59	0	4	1	
258	3	10	31	2	18	3	22	2	50	3	54	3	19	2	33	3	34	3	46	3	24	2	
259	2	10	12	2	55	2	0	2	33	2	6	2	61	2	57	2	8	2	36	2	97	2	
260	2	10	80	2	11	2	30	2	49	2	36	2	8	2	21	2	15	2	4	1	12	2	
261	1	10	10	1	3	1	89	1	75	0	51	1	24	0	12	1	39	0	40	1	20	0	
262	2	10	12	2	21	2	88	2	4	2	46	2	30	2	39	2	42	2	61	2	15	2	
263	0	10	80	1	0	1	15	0	36	1	39	1	42	1	19	1	12	1	61	1	40	1	
264	1	10	98	2	39	1	66	1	18	0	89	1	51	1	38	1	20	1	52	1	27	0	
265	3	10	10	3	69	3	50	3	34	3	11	3	36	2	46	3	39	3	42	3	30	3	
266	1	10	60	0	36	1	34	1	54	0	14	1	19	1	42	0	21	0	8	1	28	1	
267	2	10	47	3	36	2	38	3	9	3	42	3	34	3	12	3	30	3	99	3	41	3	
268	2	10	36	2	0	3	39	2	9	2	22	2	8	2	26	2	4	2	20	2	54	3	
269	0	10	74	0	35	0	52	0	0	0	14	0	56	0	21	0	12	0	2	0	15	0	
270	3	10	0	2	10	2	80	3	84	2	38	2	39	2	34	2	19	2	68	2	15	2	
271	3	10	10	3	15	3	69	3	16	3	40	2	53	3	46	3	8	3	42	3	19	3	
272	3	10	15	3	47	2	38	0	0	0	33	3	57	2	87	2	27	3	41	3	28	2	
273	3	10	60	0	42	3	21	3	2	2	51	2	6	0	39	3	53	3	4	3	35	3	
274	2	10	15	2	12	2	60	2	16	2	39	2	19	2	22	2	21	2	41	2	27	2	
275	1	10	0	1	48	2	42	2	30	2	31	2	34	2	15	0	68	1	2	1	33	1	
276	2	10	23	3	0	2	21	2	8	3	30	3	4	3	36	2	22	3	19	2	49	2	
277	2	10	11	3	33	3	15	2	52	3	14	2	39	3	22	2	30	3	44	2	40	2	
278	2	10	48	2	7	2	36	2	42	2	8	2	19	3	33	2	24	2	15	2	50	3	
279	1	10	55	1	52	1	16	1	12	1	42	1	8	1	49	1	33	1	19	1	27	0	
280	3	10	47	3	12	3	9	3	30	3	49	3	62	3	4	2	8	3	61	3	19	3	
281	0	10	22	0	33	0	25	0	16	0	14	0	15	0	51	0	2	0	50	0	19	1	
282	1	10	15	1	36	1	2	1	64	1	33	1	12	1	5	1	8	3	59	1	21	1	
283	0	10	89	0	12	0	1	1	54	0	0	0	75	0	30	0	16	1	20	1	40	0	
284	1	10	38	1	66	0	24	0	46	0	51	1	55	0	59	0	50	0	41	0	30	0	
285	0	10	84	1	69	1	24	0	0	0	49	0	15	1	26	0	55	1	62	1	56	0	
286	2	10	36	2	34	3	30	2	38	2	3	3	39	3	5	2	54	2	57	2	20	3	
287	0	10	10	0	0	0	89	0	2	1	8	0	42	0	57	0	21	0	28	1	19	0	
288	0	10	1	1	39	0	33	1	28	1	57	1	21	0	30	1	42	1	8	1	27	0	
289	2	10	2	2	0	2	16	2	75	2	14	2	1	2	36	2	11	2	61	2	39	2	
290	1	10	0	1	11	1	21	0	15	0	20	1	6	1	2	0	28	1	44	1	12	1	
291	3	10	15	3	33	3	16	3	38	3	60	3	19	3	5	3	87	3	4	3	83	3	
292	2	10	0	3	12	3	34	2	9	2	98	3	51	2	18	2	20	2	27	3	72	2	
293	3	10	35	3	2	3	24	3	3	2	40	3	19	3	49	2	15	3	27	3	29	3	
294	2	10	48	2	13	2	51	2	14	2	15	3	8	2	19	2	44	2	5	3	27	3	
295	0	10	55	1	21	1	52	1	15	1	8	1	57	1	27	1	34	0	13	1	60	1	
296	0	10	9	1	2	1	55	2	52	0	39	3	54	0	62	1	57	3	19	0	41	1	
297	2	10	36	2	2	2	50	2	40	2	33	2	1	2	39	2	8	2	54	3	27	2	
298	0	10	2	1	64	0	88	0	66	0	25	0	15	0	8	0	41	0	4	0	24	1	
299	0	10	35	0	22	0	8	0	33	0	41	0	57	1	5	0	46	0	30	0	34	1	
300	1	10	48	1	2	0	67	1	1	1	15	0	8	1	21	1	39	1	64	1	20	1	
301	3	10	0	3	4	2	38	3	54	3	30	2	2	2	12	3	55	3	9	3	34	3	
302	0	10	22	0	11	0	31	1	12	0	70	0	9	1	8	0	33	0	57	1	41	1	
303	3	10	7	2	15	0	56	0	52	2	22	0	8	3	12	3	57	0	53	2	2	2	
304	1	10	89	1	0	1	1	1	30	0	15	1	22	0	96	1	16	1	60	1	28	1	
305	1	10	15	1	23	1	11	1	75	1	33	1	14	1	34	1	30	0	20	0	53	1	
306	1	10	48	0	54	0	13	0	64	0	55	0	30	0	60	0	8	0	50	0	2	1	
307	0	10	12	0	35	0	14	0	2	1	33	0	40	0	38	0	20	0	72	0	29	0	
308	1	10	49	0	22	1	89	1	71	0	0	1	3	1	12	1	15	0	5	1	30	1	
309	0	10	34	0	39	0	36	1	15	0	54	1	12	0	18	0	2	0	7	1	24	0	
310	1	10	35	1	0	1	21	1	26	1	33	1	22	0	42	1	62	1	44	1	12	0	
311	3	10	0	2	36	2	14	2	8	3	33	3	86	2	57	2	27	2	34	3	100	1	
312	3	10	22	2	64	2	46	2	30	3	8	3	2	2	40	3	52	3	15	3	34	3	
313	3	10	2	2	35	2	12	2	51	2	39	2	15	2	40	2	19	2	20	2	5	2	
314	0	10	10	0	18	0	36	0	7	0	15	0	30	0	27	0	53	0	54	0	8	0	
315	0	10	34	0	14	0	33	0	12	1	30	0	8	0	60	0	83	1	24	0	27	0	
316	1	10	15	0	10	0	39	1	2	1	19	1	21	1	24	1	33	1	18	1	20	1	
317	3	10	15	3	36	2	0	2	1	2	12	3	21	3	33	3	2	3	9	3	61	3	
318	1	10	22	1	55	0	2	1	36	1	9	0	34	0	19	1	27	1	54	1	33	1	
319	2	10	15	3	33	3	39	3	13	2	50	3	34	2	19	2	42	3	7	2	40	3	
320	3	10	15	3	74	3	23	3	2	3	40	3	16	3	36	2	42	3	59	3	26	3	
321	0	10	75	0	39	0	49	0	33	0	34	0	30	1	28	1	13	0	15	0	29	0	
322	3	10	0	3	60	3	16	3	40	2	43	3	2	3	86	3	8	3	19	2	44	2	
323	2	10	0	2	36	2	2	2	39	3	38	3	26	2	11	2	30	2	33	2	24	2	
324	3	10	23	3	30	3	88	3	1	3	61	2	18	3	43	3	8	3	87	3	12	3	
325	2	10	0	2	42	2	1	2	60	2	30	2	46	3	54	2	10	2	24	3	27	3	
326	2	10	12	3	52	2	38	3	8	2	34	3	15	2	17	2	42	3	24	2	27	3	
327	0	10	21	3	50	0	2	0	52	0	18	1	34	0	15	0	53	0	24	1	46	0	
328	3	10	33	3	73	2	0	0	52	0	2	2	9	3	15	2	22	3	7	2	61	2	
329	3	10	23	3	8	3	33	3	59	3	22	3	41	3	18	2	9	3	21	3	30	3	
330	0	10	1	1	95	0	46	0	26	0	7	0	34	1	30	0	38	0	68	0	33	0	
331	3	10	1	3	2	3	34	3	13	3	12	3	67	3	15	3	39	3	26	3	57	2	
332	2	10	78	2	33	2	34	2	38	3	4	2	2	2	57	2	8	2	20	2	46	2	
333	0	10	36	0	34	0	62	1	41	0	9	0	44	0	40	0	15	0	21	1	12	1	
334	3	10	11	3	1	3	25	2	22	3	27	3	34	3	19	3	46	3	42	3	97	3	
335	0	10	0	0	15	0	34	0	36	0	60	0	8	0	35	0	20	0	19	0	27	0	
336	2	10	89	2	12	2	21	2	4	2	13	2	68	2	44	2	40	2	93	2	15	2	
337	3	10	1	3	12	3	38	3	7	3	9	2	40	3	2	2	46	3	20	3	87	3	
338	0	10	47	1	39	0	14	0	30	0	21	3	19	1	40	0	52	0	9	1	2	1	
339	2	10	13	3	11	2	1	3	36	2	66	2	31	2	34	2	2	2	18	3	33	3	
340	1	10	34	0	35	0	36	0	80	0	71	0	24	0	15	0	46	0	52	0	2	0	
341	3	10	23	3	36	2	2	3	61	3	30	2	15	3	53	3	68	3	12	3	10	3	
342	3	10	82	3	40	3	11	3	46	3	29	2	38	3	19	2	41	3	33	3	2	2	
343	1	10	0	1	60	1	34	1	20	1	27	1	19	1	65	1	15	1	30	1	2	1	
344	2	10	22	2	71	3	84	3	1	3	98	2	3	3	61	2	36	1	60	3	2	3	
345	1	10	36	1	0	1	15	0	24	0	22	1	33	0	12	1	96	0	53	1	57	1	
346	2	10	10	2	8	3	30	3	33	3	70	2	16	3	40	3	2	3	53	3	44	2	
347	1	10	11	1	0	1	60	1	33	0	9	0	43	0	46	1	7	1	49	1	2	1	
348	2	10	30	3	13	2	46	2	22	2	39	2	12	2	9	2	19	2	18	2	52	2	
349	1	10	1	1	8	1	41	1	19	1	4	0	5	1	34	0	50	1	13	1	33	1	
350	1	10	10	0	15	0	13	1	18	1	26	1	50	0	34	3	12	0	24	0	58	1	
351	3	10	12	3	2	2	39	3	33	3	15	3	21	3	18	3	34	3	58	3	54	3	
352	1	10	10	0	1	1	51	0	30	0	40	1	43	0	20	0	24	0	19	1	34	0	
353	2	10	1	2	39	3	69	3	42	3	21	3	8	2	15	3	30	3	57	2	68	3	
354	1	10	0	0	31	0	4	0	14	1	22	1	54	1	61	1	51	0	26	1	59	1	
355	3	10	39	3	98	3	52	3	8	3	4	3	27	3	2	2	34	3	18	3	28	2	
356	0	10	12	1	43	0	34	0	2	1	50	1	41	1	53	1	61	1	72	0	19	1	
357	0	10	23	0	77	1	89	0	30	0	24	1	39	0	51	0	61	1	52	0	19	0	
358	3	10	34	3	24	3	12	3	51	3	8	3	1	3	11	3	53	3	20	3	35	3	
359	2	10	47	2	54	3	0	2	21	2	33	3	60	2	96	3	24	3	8	0	15	3	
360	0	10	10	0	15	0	55	0	17	2	34	0	60	0	30	0	24	0	52	0	46	0	
361	2	10	30	2	4	3	2	2	42	2	53	2	8	2	19	2	33	2	21	2	54	3	
362	1	10	11	1	38	1	39	1	57	1	50	0	12	1	19	1	44	1	42	1	13	1	
363	3	10	36	2	49	3	38	2	55	3	12	3	39	3	1	3	14	2	9	3	59	3	
364	3	10	8	3	54	3	21	3	28	2	41	3	29	3	87	2	19	3	15	2	2	2	
365	1	10	21	1	8	1	5	1	0	1	42	1	39	1	54	1	15	0	43	0	34	1	
366	3	10	3	3	34	3	50	3	0	3	33	3	15	3	20	2	38	3	42	3	40	2	
367	1	10	1	0	39	1	30	1	19	0	18	1	22	1	49	1	2	0	15	1	62	0	
368	0	10	23	0	39	0	0	0	33	1	46	1	18	1	12	1	2	0	8	0	30	0	
369	2	10	84	0	0	3	36	2	4	0	13	0	22	2	33	3	15	2	34	2	87	0	
370	3	10	36	2	34	3	0	3	15	3	22	3	57	2	8	3	52	3	19	3	65	3	
371	0	10	2	1	15	0	40	0	7	0	19	0	38	0	53	0	20	1	34	0	8	0	
372	3	10	36	2	39	3	98	3	66	2	9	3	25	2	20	3	57	2	2	3	7	2	
373	2	10	13	3	84	3	39	2	62	3	22	2	19	2	28	2	4	2	20	2	24	2	
374	1	10	1	2	39	1	22	0	25	2	40	1	20	1	2	1	34	0	8	1	61	1	
375	2	10	54	2	39	3	3	3	15	3	30	3	12	3	18	2	22	3	20	2	42	2	
376	0	10	21	1	5	0	51	1	42	0	34	1	49	0	46	0	15	0	4	0	10	0	
377	2	10	12	3	0	3	36	2	54	3	16	3	19	3	59	3	41	3	28	2	27	3	
378	2	10	13	2	49	2	16	3	12	2	22	2	8	2	5	2	40	3	28	2	42	2	
379	2	10	89	3	98	3	88	3	5	3	42	3	19	2	34	3	20	3	11	3	27	3	
380	0	10	12	0	36	0	42	0	55	0	0	0	40	0	20	0	2	1	62	0	8	0	
381	3	10	15	3	22	3	38	2	18	3	68	3	19	2	33	3	57	2	2	1	81	3	
382	3	10	55	2	39	3	12	3	22	3	1	3	18	2	19	2	27	3	20	3	8	3	
383	1	10	47	0	78	1	38	0	0	1	39	1	46	1	9	0	33	1	43	0	101	1	
384	3	10	33	2	49	3	2	3	12	3	60	2	62	3	8	2	27	3	40	2	93	3	
385	2	10	77	3	36	2	35	3	55	2	13	2	14	2	16	3	40	2	20	3	15	3	
386	2	10	10	2	11	3	23	3	42	3	38	2	14	2	59	2	49	2	28	1	8	3	
387	1	10	39	1	9	1	22	1	46	1	26	1	11	1	53	1	15	0	19	1	2	1	
388	1	10	0	1	39	1	3	1	50	1	15	0	13	0	5	1	1	1	49	1	40	1	
389	2	10	39	2	6	2	15	2	27	2	9	2	20	2	8	2	5	2	19	2	33	2	
390	3	10	24	2	46	2	38	3	42	2	40	3	33	2	8	3	34	2	19	2	52	3	
391	3	10	11	3	9	3	60	2	40	3	16	2	41	3	19	3	8	3	102	3	34	3	
392	1	10	23	0	39	0	46	1	33	0	18	1	90	0	53	0	6	1	71	1	24	1	
393	0	10	1	1	69	1	34	1	36	0	38	0	30	0	26	0	2	1	15	0	6	0	
394	3	10	48	3	95	3	30	3	39	3	33	3	16	3	14	3	12	3	1	2	4	3	
395	1	10	47	1	10	1	84	1	35	1	50	1	38	1	52	1	2	0	30	1	12	1	
396	0	10	11	0	16	1	24	0	15	0	33	0	40	0	57	0	62	0	72	0	41	1	
397	2	10	7	2	14	2	2	2	40	3	8	3	62	2	25	2	12	3	34	3	43	3	
398	1	10	0	1	9	0	12	1	46	1	34	0	24	1	39	1	90	0	52	0	50	1	
399	0	10	71	0	38	0	60	0	26	0	33	0	22	0	19	0	57	0	11	0	49	1	
400	2	10	36	2	35	2	43	2	34	2	59	2	2	2	5	2	9	2	30	3	42	2	
401	3	10	103	3	16	3	51	3	39	3	2	2	21	3	22	3	15	3	40	2	33	3	
402	1	10	14	1	0	1	8	1	1	1	17	2	12	1	40	1	54	1	29	1	9	0	
403	1	10	12	0	34	1	15	0	0	1	21	0	39	1	55	1	60	1	2	1	42	1	
404	3	10	73	3	89	3	12	3	75	3	55	3	34	3	27	3	19	3	53	3	21	3	
405	2	10	39	2	12	2	8	2	15	2	42	2	6	0	22	2	40	2	34	0	57	2	
406	1	10	69	0	21	1	15	0	25	0	60	1	33	1	1	1	12	1	49	1	34	0	
407	1	10	33	0	1	0	84	0	55	0	62	0	8	0	49	0	30	0	28	1	65	0	
408	1	10	10	1	35	1	78	1	34	0	55	1	54	1	36	1	52	0	42	1	12	1	
409	1	10	15	0	9	0	42	0	14	0	16	0	34	1	55	0	33	1	38	1	46	0	
410	0	10	12	0	89	0	33	0	52	0	55	0	40	0	42	0	30	1	34	0	15	0	
411	1	10	10	0	9	0	2	1	61	1	24	0	57	0	12	0	65	1	41	1	18	1	
412	3	10	47	3	12	3	22	3	27	3	44	2	34	3	68	3	49	3	19	3	2	2	
413	3	10	0	3	11	3	2	2	30	3	20	2	24	3	49	3	15	3	29	2	27	3	
414	3	10	12	3	84	2	39	3	55	3	46	3	22	3	16	3	42	3	20	2	27	2	
415	2	10	30	3	0	2	61	2	57	2	68	2	21	2	40	2	62	2	34	2	5	2	
416	3	10	2	2	52	2	33	3	34	3	60	3	46	3	45	3	20	3	57	2	4	2	
417	0	10	39	1	34	0	25	3	42	1	19	1	30	1	54	1	15	0	33	1	27	0	
418	3	10	33	3	13	3	54	2	2	3	16	3	22	3	49	2	57	2	52	3	60	2	
419	3	10	34	3	48	3	42	3	0	3	68	3	53	3	43	3	33	3	20	3	8	3	
420	1	10	69	0	9	0	36	1	16	0	33	1	12	1	19	1	8	1	62	1	49	1	
421	3	10	11	3	14	3	24	3	42	3	70	3	5	3	40	3	41	3	33	2	21	3	
422	3	10	47	3	73	2	3	3	14	3	55	3	21	3	19	3	4	3	62	3	42	3	
423	0	10	1	0	64	0	89	0	15	1	16	0	55	0	22	0	59	0	52	0	12	0	
424	1	10	49	1	9	0	26	1	8	1	34	1	19	1	20	1	15	0	13	0	10	0	
425	2	10	55	2	98	2	15	2	36	2	1	3	34	2	2	2	30	2	11	2	33	2	
426	1	10	34	0	39	1	0	1	36	1	8	1	53	0	33	1	57	1	12	0	27	0	
427	3	10	9	3	66	2	14	3	2	2	1	3	21	3	12	3	33	3	20	3	41	3	
428	0	10	71	1	79	0	0	0	2	1	40	0	33	0	26	0	60	0	16	0	4	1	
429	2	10	10	2	12	2	19	2	22	2	8	3	21	2	24	2	42	2	9	2	27	2	
430	2	10	82	2	30	2	1	3	19	3	55	2	60	2	22	2	28	2	7	2	21	2	
431	3	10	69	3	76	3	64	2	42	3	26	3	55	2	34	3	25	2	6	3	5	3	
432	2	10	23	2	15	2	1	3	19	2	28	2	33	2	52	2	13	2	30	2	21	2	
433	0	10	24	1	0	0	51	1	14	0	42	0	15	0	8	0	4	0	57	1	27	1	
434	1	10	76	1	51	0	21	0	33	0	29	1	34	0	46	1	10	0	24	0	30	0	
435	0	10	3	0	1	0	6	0	104	0	11	0	71	0	19	0	61	0	26	0	93	0	
436	3	10	1	3	69	3	36	2	60	3	3	3	2	2	21	3	15	3	6	3	19	2	
437	3	10	31	3	15	3	12	3	30	2	42	3	7	2	8	3	19	2	29	2	52	3	
438	3	10	12	3	9	3	49	3	21	3	4	3	19	3	46	3	28	2	57	2	53	3	
439	1	10	3	1	84	0	32	0	54	1	50	0	60	1	9	0	40	1	12	1	53	1	
440	0	10	12	3	24	0	14	0	20	1	64	0	4	0	19	1	57	1	105	0	65	1	
441	3	10	1	2	24	3	36	2	16	3	8	2	46	3	72	0	34	3	29	3	28	2	
442	3	10	18	2	25	2	90	3	2	2	8	2	19	3	42	3	33	3	27	3	81	3	
443	0	10	23	0	38	0	55	0	30	1	46	0	15	1	12	0	11	0	54	1	39	0	
444	1	10	9	0	3	1	39	1	1	1	22	1	40	1	65	1	50	1	20	1	30	0	
445	0	10	0	1	9	0	42	0	2	3	36	1	44	0	12	1	19	0	15	0	24	0	
446	3	10	54	3	55	3	7	3	22	3	8	3	12	3	33	3	19	3	20	3	42	3	
447	0	10	42	2	61	2	44	0	4	0	72	0	18	0	9	0	24	1	83	0	34	1	
448	2	10	49	2	0	3	36	2	2	2	34	2	12	3	42	2	57	2	16	2	19	2	
449	3	10	1	3	36	2	11	3	34	3	56	2	22	3	45	3	40	3	19	3	4	3	
450	3	10	1	3	39	3	11	3	24	2	31	3	12	3	9	3	40	3	51	3	34	3	
451	3	10	0	3	15	3	36	2	61	3	30	3	34	3	42	3	35	3	93	3	12	3	
452	2	10	1	2	0	2	55	2	30	2	15	2	36	2	8	2	27	2	28	0	24	2	
453	3	10	1	3	11	3	69	3	12	3	4	3	54	3	42	3	19	3	6	2	46	3	
454	2	10	12	3	2	2	38	3	21	2	19	2	8	2	15	3	17	0	39	3	46	3	
455	3	10	12	2	14	2	26	2	19	2	36	2	2	2	46	2	15	2	28	1	21	2	
456	2	10	0	2	39	2	3	2	60	2	7	2	14	2	59	2	53	2	20	2	33	2	
457	3	10	76	2	12	2	38	1	36	2	39	2	53	2	15	2	52	1	68	2	44	0	
458	0	10	39	0	11	0	2	0	42	0	33	0	59	0	8	0	9	0	5	0	41	0	
459	2	10	11	2	0	2	54	2	55	2	5	2	12	3	14	2	33	3	22	2	21	2	
460	1	10	2	1	52	1	15	0	18	1	51	0	44	1	10	1	27	1	49	1	8	1	
461	3	10	49	2	38	2	34	2	21	2	16	3	7	2	53	2	52	3	2	2	42	2	
462	3	10	3	3	13	2	8	3	5	3	16	3	38	3	59	3	33	3	62	3	53	3	
463	1	10	10	0	42	0	34	0	40	1	39	1	53	0	54	1	60	1	22	0	30	0	
464	2	10	35	2	2	2	80	2	64	2	30	2	15	2	1	2	12	2	49	2	42	2	
465	2	10	11	3	15	3	46	3	12	3	42	3	27	3	2	2	33	3	40	3	21	3	
466	0	10	13	1	21	3	3	0	38	0	55	1	39	0	85	0	22	0	11	0	19	0	
467	2	10	3	2	84	2	52	3	2	2	42	2	12	2	68	2	16	2	19	2	33	2	
468	2	10	9	3	3	3	55	2	13	2	22	3	57	2	38	2	19	2	40	3	41	3	
469	1	10	13	1	62	1	38	1	46	1	52	1	8	1	20	1	12	1	11	1	28	1	
470	3	10	84	0	11	3	54	3	46	3	2	2	16	3	38	3	6	0	60	2	28	2	
471	1	10	35	1	40	1	9	0	59	1	54	1	21	0	57	0	42	1	27	0	52	0	
472	1	10	15	1	12	1	34	1	2	1	20	1	52	0	8	1	38	1	19	1	42	1	
473	1	10	12	1	7	1	54	1	39	1	36	1	21	0	42	1	19	1	35	1	58	1	
474	0	10	34	0	11	1	49	1	46	1	36	1	33	1	8	1	41	1	27	0	15	0	
475	0	10	12	1	89	0	39	0	40	0	22	0	33	0	38	0	50	0	62	1	20	1	
476	0	10	64	1	2	0	26	0	19	0	40	0	21	1	41	0	28	1	11	0	35	1	
477	0	10	0	1	12	0	8	0	16	0	28	1	26	0	42	0	40	0	19	0	65	1	
478	3	10	42	3	14	2	25	0	26	2	27	3	8	2	46	3	57	2	41	3	33	3	
479	3	10	0	3	31	3	64	2	30	3	2	3	21	3	16	3	22	3	19	3	34	3	
480	0	10	36	1	12	1	24	0	19	1	42	0	22	0	44	0	2	1	15	0	8	0	
481	1	10	54	1	39	1	8	1	6	1	2	1	49	1	24	1	12	1	19	1	41	1	
482	3	10	34	2	38	3	0	3	15	3	9	2	39	2	4	2	53	3	87	3	42	3	
483	3	10	15	3	14	2	12	3	34	3	56	3	42	3	30	2	7	3	22	3	38	3	
484	3	10	33	3	18	0	34	3	13	0	87	0	27	3	54	2	15	2	19	3	25	0	
485	2	10	34	2	18	2	49	2	64	2	52	2	13	2	10	2	21	2	57	2	30	2	
486	2	10	89	2	69	2	51	2	46	2	9	3	34	2	2	2	59	2	54	2	30	2	
487	3	10	40	3	2	2	21	2	94	3	56	3	34	3	8	3	42	3	30	3	24	3	
488	0	10	55	1	36	0	49	0	35	0	12	0	14	0	4	0	38	0	44	0	22	0	
489	2	10	12	3	79	2	30	2	0	3	55	2	49	2	46	2	62	2	38	2	40	2	
490	2	10	57	2	21	3	38	3	19	2	42	3	52	2	20	3	40	3	34	3	30	2	
491	3	10	10	2	13	3	60	3	21	3	14	3	6	2	42	3	59	3	8	2	30	3	
492	2	10	12	2	2	2	21	2	20	2	10	2	49	2	30	2	93	2	83	2	54	3	
493	1	10	36	0	69	0	9	0	39	1	60	1	46	1	35	1	61	0	16	0	2	1	
494	3	10	39	3	5	3	43	3	27	3	34	3	19	2	44	2	101	3	30	2	9	3	
495	2	10	10	3	14	2	33	2	40	2	4	2	59	2	24	2	30	2	44	2	60	2	
496	1	10	48	0	1	1	34	0	16	1	30	0	15	0	8	1	42	1	27	0	68	1	
497	3	10	3	3	0	3	4	2	52	2	54	2	22	3	53	3	42	2	34	3	20	2	
498	2	10	34	3	26	2	33	2	39	2	52	3	21	2	2	2	27	3	41	3	24	3	
499	3	10	10	3	38	3	34	3	12	3	16	3	19	3	49	3	22	2	8	3	28	2	
500	2	10	12	2	13	2	4	2	38	2	8	2	20	2	58	2	21	2	27	2	10	2	
501	0	10	76	0	39	0	12	0	55	0	14	0	49	0	26	0	2	0	19	0	33	0	
502	2	10	15	2	12	2	34	2	2	2	22	2	18	2	52	3	8	2	5	2	29	2	
503	3	10	55	2	88	3	38	3	36	2	18	3	34	3	15	3	16	3	62	3	96	3	
504	0	10	10	1	98	2	33	0	50	0	46	0	30	1	51	1	4	0	36	0	20	1	
505	1	10	11	1	38	1	39	1	95	1	31	1	51	1	0	1	16	1	19	1	59	1	
506	1	10	3	1	19	1	42	1	29	1	4	0	2	1	10	0	8	1	30	0	25	0	
507	2	10	33	2	15	2	34	2	13	2	7	2	50	2	53	2	2	3	54	2	42	2	
508	2	10	42	2	39	3	94	3	33	3	34	3	52	3	57	2	15	3	21	2	24	3	
509	3	10	50	3	60	3	49	3	2	2	15	2	38	3	8	3	20	3	34	3	19	3	
510	3	10	11	3	35	3	69	3	23	3	30	3	14	3	94	3	15	3	40	3	43	3	
511	0	10	59	0	46	0	101	0	28	1	2	2	13	1	20	0	4	0	15	0	27	0	
512	0	10	54	1	39	1	34	1	2	1	44	1	4	0	87	1	65	0	93	1	33	1	
513	0	10	39	0	30	0	19	0	42	0	2	0	27	0	9	0	62	0	21	1	24	0	
514	2	10	12	2	42	2	88	2	75	0	70	2	34	2	56	2	8	2	33	2	46	2	
515	1	10	10	0	21	1	12	2	8	1	2	1	93	0	52	1	18	1	15	0	50	1	
516	3	10	30	2	38	2	4	3	19	2	11	2	72	2	65	3	20	0	27	3	12	3	
517	3	10	11	3	69	3	26	3	25	2	16	3	15	2	34	2	7	3	42	3	19	3	
518	2	10	10	2	1	3	64	2	0	2	15	3	30	2	12	3	52	3	8	2	18	3	
519	2	10	75	2	34	2	12	2	30	2	22	2	57	2	15	2	28	2	54	2	42	2	
520	0	10	15	0	25	0	40	0	33	0	20	0	30	0	34	0	8	0	72	0	42	0	
521	0	10	49	1	30	1	55	1	34	0	22	1	14	1	42	2	5	1	7	1	58	0	
522	2	10	13	0	26	2	51	3	25	0	22	2	11	3	42	2	28	2	34	3	65	0	
523	0	10	48	0	1	1	22	0	57	0	36	0	9	1	50	0	19	0	29	0	62	0	
524	3	10	0	2	13	2	39	3	68	2	20	2	29	2	9	2	65	2	34	2	53	2	
525	1	10	0	1	2	0	52	1	55	0	12	1	39	1	18	1	59	1	30	0	64	1	
526	0	10	48	0	66	0	38	0	30	0	24	0	34	1	2	0	8	0	72	0	52	0	
527	3	10	24	3	2	3	55	3	12	3	44	2	7	2	4	3	19	3	68	3	27	3	
528	3	10	11	3	80	3	9	3	60	3	2	2	43	3	12	3	8	2	72	3	40	3	
529	2	10	0	3	39	2	30	3	9	2	52	2	16	3	19	3	54	3	96	2	42	2	
530	3	10	12	3	0	3	36	2	15	3	52	3	14	3	54	3	2	2	8	3	21	3	
531	3	10	11	3	75	3	40	2	22	3	28	2	18	3	46	3	19	3	26	3	44	3	
532	3	10	1	2	66	2	13	2	22	3	20	3	25	2	4	3	34	3	26	3	68	3	
533	3	10	9	3	36	2	15	3	46	3	52	2	33	3	2	2	56	3	4	3	12	3	
534	0	10	10	0	46	0	71	0	60	0	30	0	55	0	6	0	90	1	8	0	2	0	
535	3	10	39	3	42	2	54	2	4	3	33	3	34	3	6	0	43	3	5	3	49	2	
536	1	10	49	1	55	1	19	1	46	1	35	1	15	0	2	1	18	1	13	0	24	1	
537	3	10	11	3	75	3	46	3	1	3	19	3	22	2	35	3	8	3	65	2	29	2	
538	3	10	1	3	12	3	60	2	59	3	49	2	53	3	30	2	46	3	8	3	57	2	
539	1	10	2	1	54	1	7	1	30	1	22	1	1	1	42	1	20	0	44	1	46	1	
540	3	10	2	2	30	2	38	3	39	3	51	3	14	2	55	2	8	3	11	3	45	2	
541	2	10	3	2	2	2	39	2	7	2	34	2	14	2	56	3	20	3	12	2	42	2	
542	2	10	15	3	36	2	34	3	8	2	50	2	27	2	53	2	21	2	60	2	18	2	
543	0	10	15	0	39	0	54	0	49	0	40	0	19	0	6	0	53	0	8	0	4	1	
544	0	10	15	0	39	0	1	0	12	0	4	1	42	0	34	1	8	0	58	0	2	0	
545	1	10	39	1	52	1	8	1	57	1	41	0	68	1	44	1	21	0	40	1	33	0	
546	2	10	12	3	1	3	11	2	55	2	7	2	53	2	2	2	15	3	24	2	20	2	
547	3	10	11	3	30	2	15	3	12	3	57	2	5	3	43	3	28	2	34	3	19	2	
548	2	10	46	3	12	3	52	3	8	3	62	3	26	3	27	3	34	3	20	3	24	3	
549	2	10	12	2	9	3	36	2	34	2	57	2	22	3	30	3	42	2	21	2	40	2	
550	2	10	8	2	2	2	46	2	12	2	34	0	60	2	38	2	22	0	13	0	39	2	
551	0	10	36	0	9	0	12	0	7	0	26	0	22	0	30	1	8	1	41	1	4	0	
552	0	10	0	1	38	0	21	0	15	1	8	0	22	0	30	0	54	0	11	1	44	0	
553	2	10	42	2	98	2	0	2	1	3	49	2	4	2	43	2	27	2	53	2	60	2	
554	2	10	15	2	2	2	21	2	51	2	59	2	33	2	36	2	9	2	50	2	13	2	
555	2	10	35	2	39	2	0	2	62	2	33	2	34	3	22	2	19	2	21	2	15	2	
556	2	10	34	0	12	2	0	2	4	2	24	2	19	2	16	2	18	2	65	2	38	2	
557	3	10	30	3	66	2	64	2	8	3	16	3	20	3	34	3	19	3	21	3	4	2	
558	3	10	42	3	24	3	36	2	16	3	21	3	18	3	12	3	4	3	11	3	53	3	
559	1	10	49	1	75	1	24	1	40	1	26	1	64	1	68	1	72	0	21	1	19	1	
560	1	10	1	1	11	0	15	1	52	0	34	1	64	1	25	1	12	1	57	2	59	0	
561	1	10	1	0	54	1	34	0	7	0	16	0	55	1	18	1	19	1	38	1	12	1	
562	1	10	47	1	36	1	3	1	0	0	15	0	42	1	21	0	20	1	39	0	12	1	
563	0	10	0	0	15	0	33	0	46	0	5	0	60	0	9	0	44	0	13	0	24	0	
564	2	10	75	3	15	2	34	3	30	3	57	2	40	3	42	3	4	3	28	2	24	3	
565	2	10	49	3	33	3	15	3	39	3	12	3	34	3	8	2	27	3	30	2	5	3	
566	3	10	1	2	19	2	2	2	53	2	59	2	22	2	61	2	7	2	42	3	41	2	
567	1	10	55	1	38	1	20	1	59	1	54	1	19	1	33	0	8	1	12	1	57	1	
568	2	10	13	2	0	3	88	3	39	3	55	2	19	3	42	3	53	3	62	3	60	3	
569	2	10	21	2	54	0	8	2	33	2	59	2	42	0	64	2	34	2	9	2	19	2	
570	2	10	3	2	42	3	33	3	27	2	46	3	58	3	41	3	106	2	8	2	72	2	
571	2	10	2	2	30	2	33	2	57	1	20	2	49	2	68	2	54	2	93	2	62	2	
572	1	10	9	0	30	1	55	0	39	1	12	0	25	2	21	0	14	1	2	0	42	1	
573	3	10	39	3	42	2	14	3	61	3	24	3	15	2	40	0	58	3	4	3	10	3	
574	0	10	0	0	55	0	26	0	20	1	29	0	13	0	42	0	19	0	27	0	24	0	
575	3	10	15	3	36	2	55	3	9	3	39	3	22	3	43	3	34	3	11	3	19	2	
576	0	10	75	0	55	0	33	0	22	0	64	0	7	0	8	0	40	0	36	0	9	0	
577	2	10	80	2	55	2	8	2	49	2	1	2	36	2	9	2	6	2	27	2	30	2	
578	3	10	55	3	14	3	30	3	22	3	34	3	27	3	42	3	7	2	41	3	29	2	
579	2	10	11	2	0	2	16	2	52	2	6	2	8	2	19	2	12	2	24	2	50	2	
580	3	10	0	2	11	3	79	3	14	3	50	3	21	3	26	3	30	3	43	3	2	3	
581	2	10	0	2	36	2	55	3	38	2	40	3	46	2	42	2	18	2	62	2	12	2	
582	1	10	2	1	7	1	75	1	12	1	38	1	22	1	42	1	9	1	50	1	15	1	
583	3	10	3	3	9	3	49	3	39	3	54	3	38	2	30	2	33	3	21	2	29	2	
584	3	10	11	3	76	3	15	3	39	3	6	3	60	2	42	3	21	3	19	3	40	2	
585	2	10	39	3	36	2	55	3	4	3	14	2	7	3	34	3	16	3	40	2	28	2	
586	0	10	39	0	24	0	34	0	28	1	17	0	22	0	8	0	11	1	21	0	57	1	
587	1	10	36	1	78	1	5	1	12	0	57	2	40	1	8	1	41	1	34	0	42	1	
588	1	10	60	0	34	0	24	0	22	0	20	1	27	0	7	0	19	1	42	1	23	0	
589	1	10	31	1	54	1	15	0	40	1	33	1	38	1	49	1	30	0	34	2	20	1	
590	0	10	75	0	0	0	55	0	15	0	14	0	2	1	59	0	19	0	11	0	12	1	
591	1	10	2	0	12	1	5	1	44	1	30	1	21	1	72	1	52	1	15	1	10	1	
592	2	10	11	2	55	2	14	2	42	2	15	2	19	2	30	2	49	2	8	2	57	2	
593	1	10	79	1	0	1	36	1	38	1	14	1	40	1	2	1	52	1	8	1	21	1	
594	0	10	15	1	9	1	0	0	21	0	6	0	59	1	54	0	28	0	2	1	62	0	
595	3	10	31	3	0	3	49	2	34	3	19	2	12	3	11	3	57	2	20	0	58	2	
596	1	10	55	0	15	0	16	0	12	0	22	0	50	0	52	1	38	1	4	0	30	0	
597	2	10	15	2	76	2	12	2	21	2	20	2	52	2	62	2	26	2	30	3	42	2	
598	2	10	7	2	70	2	49	2	22	3	4	3	12	2	19	2	30	2	8	2	53	2	
599	0	10	15	0	3	0	75	2	30	1	59	0	40	0	57	1	60	1	33	0	12	1	
600	1	10	3	1	38	1	40	1	15	0	10	0	60	0	33	1	28	1	21	0	27	0	
601	1	10	38	1	5	1	8	2	52	1	36	1	20	0	19	1	21	1	46	1	83	0	
602	2	10	48	2	0	2	79	2	55	2	12	2	2	2	16	2	19	2	9	2	10	2	
603	3	10	48	3	1	2	21	3	34	2	30	3	8	3	20	3	2	2	57	2	10	3	
604	3	10	79	2	15	2	46	3	34	2	33	3	54	2	12	3	27	3	4	3	2	2	
605	2	10	14	2	34	3	2	2	42	2	39	3	21	3	41	3	60	3	24	2	28	2	
606	1	10	89	1	2	1	30	1	53	1	34	0	15	0	5	1	46	1	35	1	24	1	
607	0	10	11	1	24	1	16	1	8	1	6	1	19	1	7	1	54	1	40	1	53	1	
608	1	10	39	1	30	1	42	1	34	0	14	1	12	1	8	1	5	1	62	1	9	1	
609	0	10	34	0	15	0	33	0	42	0	11	0	21	0	2	1	57	1	46	0	8	0	
610	1	10	60	1	38	1	19	1	12	1	2	1	65	1	13	1	15	0	44	1	27	0	
611	3	10	0	3	10	3	42	3	55	3	36	2	33	3	12	3	21	3	16	3	20	3	
612	0	10	55	1	66	0	51	0	43	0	20	0	39	0	44	0	12	0	8	0	72	0	
613	0	10	3	0	42	1	30	0	39	0	40	0	107	0	62	0	60	0	21	0	38	0	
614	2	10	34	2	1	2	12	2	33	2	64	2	28	1	20	2	29	3	60	2	2	2	
615	0	10	0	0	36	0	7	1	61	1	41	1	12	1	42	0	35	0	46	0	33	0	
616	0	10	12	0	7	0	36	0	14	0	15	1	52	0	46	0	19	0	65	0	27	0	
617	2	10	0	3	30	3	33	3	38	2	57	2	18	3	9	3	34	3	20	2	42	3	
618	1	10	2	0	14	1	55	1	43	0	18	0	59	1	49	1	54	1	19	1	12	1	
619	1	10	42	1	52	0	50	1	20	1	11	1	2	1	30	0	54	1	4	1	19	1	
620	0	10	47	1	11	1	3	1	46	1	12	1	15	0	36	1	53	1	42	1	50	1	
621	0	10	49	0	53	0	22	0	20	0	30	0	40	0	29	0	2	0	58	0	34	1	
622	2	10	24	2	19	2	40	2	50	2	13	0	2	2	58	2	33	2	15	2	8	3	
623	0	10	35	0	2	1	22	0	4	0	12	1	8	1	27	0	54	1	15	0	24	0	
624	1	10	36	1	3	1	39	1	30	1	34	1	27	1	56	1	40	1	21	0	41	1	
625	2	10	0	2	2	2	15	2	14	2	8	2	28	2	42	2	35	2	30	2	33	2	
626	3	10	15	3	22	3	42	3	21	3	57	2	30	3	20	3	29	2	33	3	28	2	
627	2	10	34	2	42	2	15	2	39	2	1	3	59	2	2	2	8	3	4	2	11	3	
628	0	10	0	0	15	0	19	0	33	0	12	1	34	0	65	0	52	0	28	1	7	0	
629	2	10	30	2	2	2	40	3	42	3	15	2	61	2	57	2	52	3	46	2	4	2	
630	3	10	2	2	34	3	13	2	12	3	30	3	33	3	60	2	14	2	42	3	72	2	
631	2	10	15	2	12	2	21	2	26	2	34	0	10	2	58	2	33	2	8	2	44	2	
632	3	10	0	3	36	2	64	3	104	3	28	2	8	3	12	3	4	3	2	2	42	3	
633	3	10	34	3	38	3	9	3	21	3	56	3	44	3	19	3	12	3	8	2	97	3	
634	0	10	15	1	16	1	22	0	8	0	57	1	62	0	27	0	42	0	29	0	65	0	
635	3	10	39	3	15	3	55	3	2	2	96	3	4	3	18	3	53	3	21	3	19	2	
636	3	10	42	3	2	3	30	2	12	3	20	3	58	3	24	3	27	3	34	3	7	3	
637	1	10	22	1	30	1	41	1	40	1	8	1	54	1	42	1	18	1	52	1	27	0	
638	2	10	1	3	59	2	42	2	43	2	30	3	8	2	72	2	19	2	50	2	25	2	
639	3	10	36	2	34	3	2	3	30	3	21	3	38	3	54	3	20	3	22	3	11	3	
640	0	10	16	1	12	0	54	1	8	1	4	1	57	0	30	0	7	1	19	1	83	0	
641	2	10	42	3	9	3	39	3	33	2	46	3	27	3	22	2	8	2	41	3	20	3	
642	0	10	14	1	34	0	57	1	41	1	33	1	29	1	71	1	26	1	15	0	53	1	
643	1	10	43	0	14	0	8	0	11	0	57	2	87	0	24	0	30	1	15	0	34	1	
644	1	10	39	1	12	0	1	1	55	1	2	1	18	1	9	0	33	1	30	1	20	1	
645	2	10	33	3	42	3	59	3	8	2	52	3	2	3	15	3	41	3	62	3	19	3	
646	3	10	12	3	30	3	8	2	36	2	44	2	2	2	42	2	34	3	13	0	15	3	
647	0	10	38	0	2	1	39	0	9	0	22	0	30	0	33	0	24	0	5	0	20	0	
648	2	10	39	3	30	3	33	3	16	3	34	3	12	3	21	3	11	3	8	2	50	3	
649	3	10	15	3	42	2	41	3	27	3	34	3	19	3	46	3	40	2	4	3	72	3	
650	2	10	1	3	0	2	2	2	39	2	42	2	16	2	8	3	19	2	34	2	15	2	
651	3	10	2	2	39	3	12	3	35	3	9	3	42	3	40	2	61	2	28	2	19	3	
652	0	10	15	0	1	1	39	0	12	1	56	0	61	0	30	0	33	0	8	0	65	1	
653	3	10	0	3	21	3	12	2	28	2	54	3	20	3	24	2	58	3	10	2	60	2	
654	1	10	36	1	30	0	2	1	42	1	12	1	7	0	57	0	28	1	40	1	54	1	
655	0	10	0	0	1	1	15	0	55	0	30	1	12	0	54	0	39	0	10	0	2	1	
656	3	10	20	2	28	2	57	2	42	3	2	3	19	2	60	2	24	3	53	3	25	2	
657	3	10	39	3	42	3	16	3	28	2	21	3	52	3	12	3	15	3	19	3	106	2	
658	3	10	36	2	19	2	39	3	12	3	8	3	42	3	20	3	28	2	21	2	27	3	
659	3	10	15	3	42	3	33	3	11	3	2	2	24	3	21	3	19	3	8	3	58	3	
660	2	10	16	3	30	2	34	2	61	3	42	2	12	2	53	2	19	2	21	2	29	2	
661	1	10	18	0	64	0	49	0	52	0	38	0	27	1	72	0	24	0	44	0	58	0	
662	2	10	15	2	34	2	38	2	33	2	20	2	42	2	35	2	2	2	24	2	27	3	
663	1	10	12	0	15	0	8	1	33	0	26	1	19	1	20	1	34	0	58	1	2	1	
664	2	10	39	2	36	2	42	2	30	2	64	2	68	2	19	2	24	2	12	2	20	2	
665	1	10	12	1	39	1	33	1	6	1	50	1	52	0	72	0	65	1	19	1	21	1	
666	0	10	54	0	40	0	46	0	30	0	19	0	52	0	42	0	58	0	21	0	8	0	
667	0	10	39	0	35	0	30	0	28	1	12	1	41	0	58	0	101	0	44	0	27	0	
668	3	10	34	3	39	3	1	3	2	2	12	3	22	3	43	3	18	2	21	2	53	3	
669	2	10	12	3	2	2	30	3	27	3	18	3	20	2	15	2	10	3	28	2	46	3	
670	2	10	34	2	2	1	13	2	22	2	9	2	24	2	28	2	54	2	21	2	10	2	
671	2	10	42	2	19	2	53	2	5	2	4	2	26	2	33	2	20	2	12	2	7	2	
672	1	10	55	0	8	1	9	0	22	0	15	0	61	1	46	1	60	0	19	1	50	1	
673	0	10	12	1	34	0	30	1	54	1	57	0	26	1	8	1	28	1	33	1	46	1	
674	3	10	15	3	39	3	36	2	42	3	19	2	30	2	101	3	7	3	24	3	2	2	
675	3	10	2	3	50	3	21	3	40	2	44	3	29	3	24	3	19	3	58	3	10	3	
676	2	10	39	2	38	2	30	3	34	3	33	2	15	2	42	2	19	2	8	2	29	2	
677	1	10	34	0	55	0	2	1	54	1	41	1	24	0	53	1	18	0	12	1	57	2	
678	3	10	0	3	42	3	19	2	12	3	33	3	24	3	21	2	15	3	87	3	53	3	
679	0	10	0	0	36	1	15	1	60	0	5	0	9	1	65	1	58	0	18	1	33	0	
680	3	10	39	3	11	3	60	2	18	3	34	3	30	3	87	3	35	3	52	3	101	3	
681	0	10	27	0	12	0	2	1	21	1	50	0	13	0	11	0	7	0	58	0	34	1	
682	1	10	0	1	14	1	30	1	21	1	20	1	49	1	27	0	57	1	24	0	29	1	
683	2	10	34	3	33	3	30	2	10	3	68	2	44	2	20	2	53	3	24	3	5	3	
684	0	10	34	0	33	0	42	0	8	0	57	1	20	0	7	0	2	1	52	0	21	0	
685	1	10	16	1	21	0	59	1	9	1	46	1	41	1	6	1	2	1	19	1	42	1	
686	0	10	39	0	42	0	54	1	34	0	62	0	22	0	27	0	8	0	40	0	12	0	
687	3	10	15	3	39	3	33	3	30	2	12	3	34	3	44	2	4	3	27	3	93	3	
688	3	10	8	3	12	3	30	3	61	3	60	2	15	3	57	2	53	3	54	2	27	0	
689	3	10	30	3	12	3	35	3	34	3	41	3	5	2	19	2	10	3	72	3	15	3	
690	3	10	12	3	15	3	20	3	2	2	24	3	52	3	46	3	21	3	72	2	8	2	
691	3	10	4	3	12	3	52	3	42	3	19	3	86	3	40	2	2	2	8	3	30	3	
692	0	10	2	0	33	0	8	0	21	1	34	1	12	1	42	0	41	1	50	0	26	0	
693	0	10	11	0	13	0	30	1	57	1	15	0	21	1	26	0	42	0	12	1	20	0	
694	3	10	39	3	12	3	34	3	8	3	30	3	9	3	22	3	19	2	41	3	4	3	
695	3	10	12	3	2	2	11	2	19	2	22	2	8	3	42	3	30	3	15	2	4	1	
696	0	10	2	1	15	0	36	1	12	0	42	1	33	0	11	1	46	1	72	0	8	1	
697	2	10	14	2	22	2	13	2	5	2	30	3	24	3	20	2	72	2	93	2	57	2	
698	0	10	12	1	9	1	27	1	42	1	30	1	24	1	50	1	58	0	41	1	5	1	
699	0	10	12	1	5	0	17	0	2	1	35	0	24	0	72	0	15	0	44	0	30	0	
700	2	10	15	2	8	2	40	2	39	3	20	2	34	3	41	3	65	2	12	2	27	2	
701	2	10	39	3	2	2	93	3	40	3	50	3	19	3	65	3	8	3	58	3	46	3	
702	3	10	2	2	15	2	36	2	19	3	13	2	20	2	41	3	30	3	60	2	40	0	
703	0	10	19	1	30	1	27	0	40	1	24	0	12	1	20	1	9	0	33	1	29	1	
704	3	10	0	3	15	3	34	3	33	3	50	3	27	3	72	3	20	3	53	3	106	3	
705	2	10	0	3	12	3	33	3	28	1	21	2	59	3	57	2	60	2	29	2	19	3	
706	0	10	2	1	36	0	15	0	11	0	10	0	42	0	52	0	8	2	30	0	40	0	
707	2	10	12	3	39	3	34	2	2	2	16	3	14	2	28	2	21	2	42	3	57	2	
708	3	10	8	2	5	3	19	3	11	3	33	3	28	2	52	3	2	3	58	3	15	3	
709	1	10	2	0	12	0	33	1	28	1	20	1	41	1	21	0	15	0	27	0	34	1	
710	3	10	22	3	8	3	2	3	27	3	33	3	15	3	19	3	34	3	42	3	57	2	
711	1	10	49	1	7	0	22	0	21	0	46	1	20	1	27	0	71	0	50	1	65	1	
712	3	10	44	3	18	3	13	2	33	3	65	3	8	3	27	3	34	3	15	3	21	3	
713	3	10	34	3	33	3	12	3	27	3	9	3	72	3	44	3	24	3	28	2	40	2	
714	1	10	0	1	30	0	21	0	27	0	46	1	42	1	10	1	19	1	15	0	34	0	
715	3	10	19	2	4	3	46	3	33	3	15	2	24	3	57	2	12	3	41	3	2	2	
716	1	10	42	1	2	1	9	1	49	1	50	1	30	1	57	1	12	1	19	1	29	1	
717	3	10	52	2	21	3	53	2	12	2	13	2	54	2	42	2	41	2	15	2	19	2	
718	2	10	0	2	15	2	57	2	8	2	11	2	24	2	21	2	33	2	30	2	12	2	
719	0	10	8	0	19	0	28	1	24	0	59	0	42	0	53	0	27	0	87	0	30	1	
720	1	10	12	1	30	0	6	1	34	0	8	2	19	1	13	0	53	1	42	1	72	0	
721	2	10	46	2	40	2	2	2	8	2	20	3	61	2	10	2	83	2	24	2	27	2	
722	1	10	0	0	22	0	16	1	21	0	19	0	30	0	40	0	27	1	7	0	54	0	
723	0	10	33	0	12	1	30	0	10	0	71	0	27	0	29	0	8	0	2	1	26	0	
724	2	10	33	2	9	2	2	2	15	2	12	2	58	2	19	2	21	2	65	2	46	2	
725	2	10	34	2	40	2	28	2	46	2	42	2	12	2	33	2	72	2	27	2	11	2	
726	3	10	12	3	4	3	33	3	42	2	44	3	5	3	53	3	46	3	41	3	38	3	
727	3	10	33	3	10	3	4	3	21	3	41	3	12	3	8	3	42	3	19	3	20	3	
728	0	10	46	0	19	0	54	0	15	0	53	0	9	0	57	0	68	0	72	0	29	0	
729	1	10	19	1	39	1	42	1	60	1	11	1	57	1	24	1	27	0	53	1	41	1	
730	2	10	0	2	33	2	52	2	13	0	19	2	2	2	24	2	8	2	72	2	10	2	
731	3	10	33	3	34	3	20	3	8	2	9	3	11	3	30	3	53	3	15	3	24	3	
732	3	10	42	3	30	3	6	2	52	3	28	2	40	3	59	3	34	3	12	3	15	3	
733	0	10	30	0	39	0	8	0	28	1	12	1	44	0	29	0	58	0	53	0	27	0	
734	0	10	27	1	4	0	30	0	10	0	12	0	19	0	8	0	34	1	72	0	44	0	
735	2	10	39	3	36	2	15	3	8	2	19	2	24	3	41	3	4	2	57	2	2	3	
736	2	10	12	2	33	2	15	3	34	3	52	2	8	2	5	2	30	2	35	2	65	3	
737	1	10	2	0	53	1	15	0	30	0	34	1	40	1	65	0	20	1	62	1	108	0	
738	3	10	30	3	15	3	39	3	24	3	2	2	42	3	13	3	19	3	29	3	33	3	
739	2	10	2	2	59	3	8	2	15	3	62	2	52	2	30	2	33	3	20	3	57	2	
740	1	10	19	1	39	1	33	1	15	0	34	0	20	1	30	0	12	0	41	1	21	1	
741	0	10	2	1	8	0	34	0	11	0	57	1	15	0	42	0	41	0	71	0	30	1	
742	2	10	12	3	39	3	28	2	41	3	4	2	33	2	27	2	2	2	40	0	57	2	
743	3	10	30	3	21	3	42	3	34	3	50	3	57	2	19	3	5	3	72	3	71	3	
744	2	10	12	2	19	2	34	2	42	2	38	2	30	2	28	2	33	2	8	2	53	2	
745	3	10	52	3	12	3	20	3	83	3	7	3	8	3	29	3	65	3	2	2	57	2	
746	3	10	39	3	8	2	2	3	72	3	40	3	4	3	9	3	30	3	19	3	57	2	
747	1	10	34	0	42	1	2	1	19	1	26	1	33	1	57	1	62	1	46	1	87	1	
748	0	10	30	1	9	0	2	0	33	0	19	0	8	0	65	0	15	1	10	0	54	0	
749	2	10	30	3	12	3	2	3	15	3	44	2	62	3	20	3	9	3	65	3	33	3	
750	1	10	30	1	19	1	61	0	21	1	11	1	57	1	49	1	106	1	34	2	26	1	
751	0	10	15	2	2	3	57	1	65	2	35	0	29	0	27	1	19	0	21	1	34	0	
752	0	10	15	2	40	0	30	0	27	0	18	0	41	0	42	1	33	0	34	0	8	2	
753	0	10	65	0	54	0	27	0	2	1	34	0	42	0	8	0	72	0	61	0	106	0	
754	0	10	30	0	8	0	18	0	33	0	42	0	46	0	93	1	26	0	60	0	28	1	
755	3	10	2	3	22	3	11	3	57	2	8	3	41	3	68	3	29	3	83	3	19	3	
756	0	10	9	0	8	0	60	0	101	0	24	0	12	0	2	1	15	0	33	0	29	0	
757	1	10	4	0	20	1	8	1	11	1	40	1	60	1	15	0	9	0	21	1	41	1	
758	3	10	60	3	8	3	24	3	15	3	30	2	40	3	33	3	57	2	5	3	29	3	
759	1	10	34	0	30	0	59	1	42	1	65	1	20	1	33	1	44	1	13	0	57	1	
760	1	10	59	0	2	0	33	0	26	0	42	0	15	0	19	1	8	1	61	1	60	0	
761	2	10	12	3	30	2	15	2	34	3	8	3	42	2	41	3	2	2	58	2	25	2	
762	3	10	30	3	34	3	42	3	24	3	65	3	15	3	19	2	28	2	27	3	8	3	
763	1	10	7	1	65	1	30	0	15	0	19	1	62	1	9	1	46	1	26	1	34	0	
764	2	10	15	3	42	3	33	3	27	3	20	3	21	3	34	3	60	2	41	3	40	3	
765	2	10	39	2	8	3	30	3	33	2	24	3	2	2	34	3	20	2	57	2	42	2	
766	0	10	9	0	72	1	12	0	24	0	19	0	49	0	42	0	15	0	33	0	27	0	
767	1	10	33	1	2	1	57	1	49	1	28	1	12	0	58	1	42	1	9	1	27	0	
768	2	10	12	2	33	2	8	3	42	2	20	2	19	2	49	2	58	2	83	3	15	2	
769	3	10	2	2	59	3	57	1	24	3	15	3	21	3	72	0	8	0	93	3	27	3	
770	3	10	34	3	30	3	11	3	33	3	57	2	4	3	2	2	8	3	52	2	20	3	
771	2	10	46	2	2	2	49	2	29	2	87	2	72	2	19	2	60	2	65	2	54	2	
772	1	10	39	0	2	0	33	1	24	1	87	1	21	0	7	1	8	1	34	1	26	1	
773	3	10	2	3	12	3	24	3	21	3	8	2	27	3	15	3	71	3	53	3	19	3	
774	0	10	19	1	28	2	33	1	8	1	41	1	20	1	34	0	58	1	49	0	27	0	
775	2	10	46	2	10	2	8	2	19	2	7	2	106	3	41	2	4	2	54	2	5	2	
776	1	10	2	1	19	0	41	1	8	0	15	1	101	0	13	0	10	0	4	0	20	0	
777	3	10	34	3	15	2	39	3	9	3	21	3	28	2	20	3	24	2	19	3	87	2	
778	1	10	34	0	12	1	72	0	53	0	19	1	33	0	42	1	29	1	54	1	13	1	
779	1	10	39	1	12	0	72	0	19	1	42	0	83	0	65	1	8	1	93	0	24	0	
780	2	10	34	3	54	3	29	2	72	2	42	2	4	2	58	2	60	2	15	2	62	2	
781	1	10	15	0	34	0	2	1	44	1	19	1	46	1	42	1	57	1	12	1	29	1	
782	2	10	19	2	21	2	28	2	53	3	5	2	57	2	24	2	42	2	72	2	2	2	
783	2	10	2	2	19	2	42	3	46	3	20	3	8	3	33	3	41	3	30	3	83	3	
784	3	10	12	3	8	2	4	3	53	3	15	3	28	2	19	3	30	3	34	3	27	3	
785	0	10	44	0	34	0	28	1	10	0	21	0	5	0	19	0	18	0	20	0	11	0	
786	0	10	12	1	8	0	30	0	33	0	19	0	21	0	34	0	57	1	15	0	62	0	
787	1	10	33	1	22	0	8	1	41	0	60	1	2	1	30	0	34	1	15	0	29	1	
788	2	10	30	2	39	2	42	2	15	2	19	2	54	3	27	3	44	2	12	2	29	3	
789	3	10	34	3	2	2	10	3	8	3	35	3	27	3	61	3	12	3	15	3	65	3	
790	0	10	53	0	19	0	2	1	21	0	65	0	20	0	42	0	29	0	8	0	40	0	
791	3	10	42	3	15	3	22	3	34	3	19	3	29	2	21	3	9	3	30	2	58	2	
792	3	10	41	3	19	3	12	3	60	2	44	2	46	3	13	2	54	3	8	3	24	3	
793	2	10	2	3	40	3	4	3	21	3	57	2	12	3	8	2	34	3	30	2	46	3	
794	3	10	33	3	8	3	29	3	44	2	28	2	4	3	65	3	12	3	20	3	24	3	
795	1	10	8	1	15	0	35	1	62	1	21	0	4	0	27	0	44	1	9	0	2	1	
796	3	10	11	3	101	3	8	3	54	3	15	2	27	2	19	2	9	2	60	2	33	2	
797	3	10	2	2	8	3	4	3	15	3	93	3	60	2	57	2	30	3	40	2	18	3	
798	0	10	30	0	93	0	4	0	54	0	10	0	19	0	20	0	21	0	28	1	108	0	
799	2	10	34	2	19	2	62	3	8	2	10	2	2	2	60	2	87	2	50	3	40	3	
800	3	10	22	3	9	3	15	2	33	3	20	3	19	3	4	3	28	2	12	3	65	3	
801	2	10	19	2	27	3	8	2	29	2	65	2	15	3	24	2	62	3	44	2	30	3	
802	1	10	19	0	38	0	29	0	21	1	28	1	18	1	24	0	49	0	20	0	40	0	
803	2	10	30	2	34	3	2	2	54	3	8	3	27	3	28	2	15	2	20	2	41	3	
804	2	10	8	2	10	2	28	1	11	3	7	3	87	2	21	3	13	2	53	2	2	2	
805	2	10	24	2	19	2	61	0	13	0	10	2	30	3	21	2	15	2	40	0	87	2	
806	3	10	34	3	19	3	61	3	28	2	5	3	71	3	72	3	33	3	42	3	8	3	
807	0	10	42	0	8	0	11	0	19	0	27	1	12	1	33	1	24	1	52	1	2	1	
