DOG 10 0.5 0.8 0.8 0.0 0.1 1 0.816332 0.0
DOG 10 0.5 0.8 0.8 0.0 0.1 1 0.809430 0.0
DOG 10 0.5 0.8 0.8 0.0 0.1 1 0.815118 0.0
DOG 10 0.5 0.8 0.8 0.1 0.1 1 0.817683 92.84
DOG 10 0.5 0.8 0.8 0.1 0.1 1 0.817212 84.15
DOG 10 0.5 0.8 0.8 0.1 0.1 1 0.813160 93.18
DOG 10 0.5 0.8 0.8 0.2 0.1 1 0.811276 216.94
DOG 10 0.5 0.8 0.8 0.2 0.1 1 0.811698 181.44
DOG 10 0.5 0.8 0.8 0.2 0.1 1 0.813048 198.81
DOG 10 0.5 0.8 0.8 0.30000000000000004 0.1 1 0.805242 327.75
DOG 10 0.5 0.8 0.8 0.30000000000000004 0.1 1 0.808538 312.91
DOG 10 0.5 0.8 0.8 0.30000000000000004 0.1 1 0.804139 310.1
DOG 10 0.5 0.8 0.8 0.4 0.1 1 0.792243 390.85
DOG 10 0.5 0.8 0.8 0.4 0.1 1 0.791388 452.34
DOG 10 0.5 0.8 0.8 0.4 0.1 1 0.792838 374.8
DOG 10 0.5 0.8 0.8 0.5 0.1 1 0.780384 423.03
DOG 10 0.5 0.8 0.8 0.5 0.1 1 0.776369 438.95
DOG 10 0.5 0.8 0.8 0.5 0.1 1 0.780929 510.33
DOG 10 0.5 0.8 0.8 0.6 0.1 1 0.761797 553.69
DOG 10 0.5 0.8 0.8 0.6 0.1 1 0.753569 552.34
DOG 10 0.5 0.8 0.8 0.6 0.1 1 0.756171 567.97
DOG 10 0.5 0.8 0.8 0.7 0.1 1 0.733631 657.54
DOG 10 0.5 0.8 0.8 0.7 0.1 1 0.729938 580.79
DOG 10 0.5 0.8 0.8 0.7 0.1 1 0.727361 682.79
DOG 10 0.5 0.8 0.8 0.7999999999999999 0.1 1 0.661772 847.77
DOG 10 0.5 0.8 0.8 0.7999999999999999 0.1 1 0.673841 825.21
DOG 10 0.5 0.8 0.8 0.7999999999999999 0.1 1 0.668885 759.39
DOG 10 0.5 0.8 0.8 0.8999999999999999 0.1 1 0.536468 930.23
DOG 10 0.5 0.8 0.8 0.8999999999999999 0.1 1 0.551760 976.9
DOG 10 0.5 0.8 0.8 0.8999999999999999 0.1 1 0.539368 915.91
DOG 10 0.5 0.8 0.8 0.9999999999999999 0.1 1 0.283532 999.19
DOG 10 0.5 0.8 0.8 0.9999999999999999 0.1 1 0.289380 1066.93
DOG 10 0.5 0.8 0.8 0.9999999999999999 0.1 1 0.283048 1062.49
DOG 10 0.5 0.8 0.8 0.5 0.0 1 0.776258 529.41
DOG 10 0.5 0.8 0.8 0.5 0.0 1 0.775737 532.69
DOG 10 0.5 0.8 0.8 0.5 0.0 1 0.768625 498.67
DOG 10 0.5 0.8 0.8 0.5 0.1 1 0.782763 465.51
DOG 10 0.5 0.8 0.8 0.5 0.1 1 0.775898 519.58
DOG 10 0.5 0.8 0.8 0.5 0.1 1 0.777150 476.53
DOG 10 0.5 0.8 0.8 0.5 0.2 1 0.778699 408.16
DOG 10 0.5 0.8 0.8 0.5 0.2 1 0.786493 443.3
DOG 10 0.5 0.8 0.8 0.5 0.2 1 0.782763 446.15
DOG 10 0.5 0.8 0.8 0.5 0.30000000000000004 1 0.782280 385.09
DOG 10 0.5 0.8 0.8 0.5 0.30000000000000004 1 0.778525 391.84
DOG 10 0.5 0.8 0.8 0.5 0.30000000000000004 1 0.777831 363.74
DOG 10 0.5 0.8 0.8 0.5 0.4 1 0.781896 331.88
DOG 10 0.5 0.8 0.8 0.5 0.4 1 0.786344 323.37
DOG 10 0.5 0.8 0.8 0.5 0.4 1 0.781338 305.36
DOG 10 0.5 0.8 0.8 0.5 0.5 1 0.778711 283.58
DOG 10 0.5 0.8 0.8 0.5 0.5 1 0.789665 273.75
DOG 10 0.5 0.8 0.8 0.5 0.5 1 0.787955 295.89
DOG 10 0.5 0.8 0.8 0.5 0.1 1 0.780161 478.75
DOG 10 0.5 0.8 0.8 0.5 0.1 1 0.783519 484.18
DOG 10 0.5 0.8 0.8 0.5 0.1 1 0.778996 502.49
DOG 10 0.5 0.8 0.8 0.5 0.1 2 0.780582 522.5
DOG 10 0.5 0.8 0.8 0.5 0.1 2 0.774411 466.66
DOG 10 0.5 0.8 0.8 0.5 0.1 2 0.775923 507.21
DOG 10 0.5 0.8 0.8 0.5 0.1 3 0.777720 482.29
DOG 10 0.5 0.8 0.8 0.5 0.1 3 0.775266 505.76
DOG 10 0.5 0.8 0.8 0.5 0.1 3 0.769257 456.04
DOG 10 0.5 0.8 0.8 0.5 0.1 4 0.767410 470.6
DOG 10 0.5 0.8 0.8 0.5 0.1 4 0.773445 498.95
DOG 10 0.5 0.8 0.8 0.5 0.1 4 0.774833 481.05
DOG 10 0.5 0.8 0.8 0.5 0.1 5 0.765564 499.94
DOG 10 0.5 0.8 0.8 0.5 0.1 5 0.764932 495.96
DOG 10 0.5 0.8 0.8 0.5 0.1 5 0.763383 477.57
DOG 10 0.5 0.5 0.5 0.5 0.1 1 0.777968 237.9
DOG 10 0.5 0.5 0.5 0.5 0.1 1 0.777026 277.65
DOG 10 0.5 0.5 0.5 0.5 0.1 1 0.775824 233.67
DOG 10 0.5 0.5 0.6 0.5 0.1 1 0.774721 321.91
DOG 10 0.5 0.5 0.6 0.5 0.1 1 0.778389 292.7
DOG 10 0.5 0.5 0.6 0.5 0.1 1 0.772007 319.58
DOG 10 0.5 0.5 0.7 0.5 0.1 1 0.771413 355.69
DOG 10 0.5 0.5 0.7 0.5 0.1 1 0.780285 295.67
DOG 10 0.5 0.5 0.7 0.5 0.1 1 0.770273 322.91
DOG 10 0.5 0.5 0.7999999999999999 0.5 0.1 1 0.775019 335.94
DOG 10 0.5 0.5 0.7999999999999999 0.5 0.1 1 0.771450 326.39
DOG 10 0.5 0.5 0.7999999999999999 0.5 0.1 1 0.772825 321.73
DOG 10 0.5 0.5 0.8999999999999999 0.5 0.1 1 0.772082 310.85
DOG 10 0.5 0.5 0.8999999999999999 0.5 0.1 1 0.771970 355.9
DOG 10 0.5 0.5 0.8999999999999999 0.5 0.1 1 0.770087 313.02
DOG 10 0.5 0.5 0.9999999999999999 0.5 0.1 1 0.783804 311.47
DOG 10 0.5 0.5 0.9999999999999999 0.5 0.1 1 0.775750 356.59
DOG 10 0.5 0.5 0.9999999999999999 0.5 0.1 1 0.772193 394.1
DOG 10 0.5 0.6 0.5 0.5 0.1 1 0.769182 260.54
DOG 10 0.5 0.6 0.5 0.5 0.1 1 0.771710 282.98
DOG 10 0.5 0.6 0.5 0.5 0.1 1 0.727596 16.17
DOG 10 0.5 0.6 0.6 0.5 0.1 1 0.777001 299.07
DOG 10 0.5 0.6 0.6 0.5 0.1 1 0.780335 300.84
DOG 10 0.5 0.6 0.6 0.5 0.1 1 0.778910 281.28
DOG 10 0.5 0.6 0.7 0.5 0.1 1 0.772045 350.79
DOG 10 0.5 0.6 0.7 0.5 0.1 1 0.774783 341.72
DOG 10 0.5 0.6 0.7 0.5 0.1 1 0.775527 312.88
DOG 10 0.5 0.6 0.7999999999999999 0.5 0.1 1 0.776803 374.48
DOG 10 0.5 0.6 0.7999999999999999 0.5 0.1 1 0.772763 376.11
DOG 10 0.5 0.6 0.7999999999999999 0.5 0.1 1 0.776258 330.98
DOG 10 0.5 0.6 0.8999999999999999 0.5 0.1 1 0.776121 295.02
DOG 10 0.5 0.6 0.8999999999999999 0.5 0.1 1 0.773358 323.52
DOG 10 0.5 0.6 0.8999999999999999 0.5 0.1 1 0.776543 352.06
DOG 10 0.5 0.6 0.9999999999999999 0.5 0.1 1 0.773866 346.82
DOG 10 0.5 0.6 0.9999999999999999 0.5 0.1 1 0.780818 342.2
DOG 10 0.5 0.6 0.9999999999999999 0.5 0.1 1 0.773172 345.23
DOG 10 0.5 0.7 0.5 0.5 0.1 1 0.781599 278.98
DOG 10 0.5 0.7 0.5 0.5 0.1 1 0.775514 167.9
DOG 10 0.5 0.7 0.5 0.5 0.1 1 0.779913 237.28
DOG 10 0.5 0.7 0.6 0.5 0.1 1 0.784597 315.53
DOG 10 0.5 0.7 0.6 0.5 0.1 1 0.776109 322.96
DOG 10 0.5 0.7 0.6 0.5 0.1 1 0.772739 282.31
DOG 10 0.5 0.7 0.7 0.5 0.1 1 0.771214 355.98
DOG 10 0.5 0.7 0.7 0.5 0.1 1 0.775688 299.97
DOG 10 0.5 0.7 0.7 0.5 0.1 1 0.773371 300.95
DOG 10 0.5 0.7 0.7999999999999999 0.5 0.1 1 0.773457 308.13
DOG 10 0.5 0.7 0.7999999999999999 0.5 0.1 1 0.778228 352.7
DOG 10 0.5 0.7 0.7999999999999999 0.5 0.1 1 0.775192 338.2
DOG 10 0.5 0.7 0.8999999999999999 0.5 0.1 1 0.772639 338.76
DOG 10 0.5 0.7 0.8999999999999999 0.5 0.1 1 0.780979 341.57
DOG 10 0.5 0.7 0.8999999999999999 0.5 0.1 1 0.772503 323.69
DOG 10 0.5 0.7 0.9999999999999999 0.5 0.1 1 0.773011 343.77
DOG 10 0.5 0.7 0.9999999999999999 0.5 0.1 1 0.776196 343.41
DOG 10 0.5 0.7 0.9999999999999999 0.5 0.1 1 0.781214 337.13
DOG 10 0.5 0.7999999999999999 0.5 0.5 0.1 1 0.782503 426.43
DOG 10 0.5 0.7999999999999999 0.5 0.5 0.1 1 0.781908 431.91
DOG 10 0.5 0.7999999999999999 0.5 0.5 0.1 1 0.780198 403.26
DOG 10 0.5 0.7999999999999999 0.6 0.5 0.1 1 0.777695 438.36
DOG 10 0.5 0.7999999999999999 0.6 0.5 0.1 1 0.777447 425.39
DOG 10 0.5 0.7999999999999999 0.6 0.5 0.1 1 0.778798 464.02
DOG 10 0.5 0.7999999999999999 0.7 0.5 0.1 1 0.779145 476.91
DOG 10 0.5 0.7999999999999999 0.7 0.5 0.1 1 0.773631 514.56
DOG 10 0.5 0.7999999999999999 0.7 0.5 0.1 1 0.784969 455.74
DOG 10 0.5 0.7999999999999999 0.7999999999999999 0.5 0.1 1 0.784746 445.54
DOG 10 0.5 0.7999999999999999 0.7999999999999999 0.5 0.1 1 0.777398 439.2
DOG 10 0.5 0.7999999999999999 0.7999999999999999 0.5 0.1 1 0.773891 483.05
DOG 10 0.5 0.7999999999999999 0.8999999999999999 0.5 0.1 1 0.782292 496.07
DOG 10 0.5 0.7999999999999999 0.8999999999999999 0.5 0.1 1 0.778228 485.45
DOG 10 0.5 0.7999999999999999 0.8999999999999999 0.5 0.1 1 0.782491 461.76
DOG 10 0.5 0.7999999999999999 0.9999999999999999 0.5 0.1 1 0.781660 516.68
DOG 10 0.5 0.7999999999999999 0.9999999999999999 0.5 0.1 1 0.780372 464.47
DOG 10 0.5 0.7999999999999999 0.9999999999999999 0.5 0.1 1 0.777683 496.05
DOG 10 0.5 0.8999999999999999 0.5 0.5 0.1 1 0.782515 441.2
DOG 10 0.5 0.8999999999999999 0.5 0.5 0.1 1 0.780818 447.24
DOG 10 0.5 0.8999999999999999 0.5 0.5 0.1 1 0.767460 313.16
DOG 10 0.5 0.8999999999999999 0.6 0.5 0.1 1 0.780644 442.87
DOG 10 0.5 0.8999999999999999 0.6 0.5 0.1 1 0.781425 461.94
DOG 10 0.5 0.8999999999999999 0.6 0.5 0.1 1 0.774337 433.67
DOG 10 0.5 0.8999999999999999 0.7 0.5 0.1 1 0.780446 446.2
DOG 10 0.5 0.8999999999999999 0.7 0.5 0.1 1 0.781078 429.53
DOG 10 0.5 0.8999999999999999 0.7 0.5 0.1 1 0.779108 504.97
DOG 10 0.5 0.8999999999999999 0.7999999999999999 0.5 0.1 1 0.782354 508.5
DOG 10 0.5 0.8999999999999999 0.7999999999999999 0.5 0.1 1 0.777187 456.63
DOG 10 0.5 0.8999999999999999 0.7999999999999999 0.5 0.1 1 0.781933 502.0
DOG 10 0.5 0.8999999999999999 0.8999999999999999 0.5 0.1 1 0.778017 494.96
DOG 10 0.5 0.8999999999999999 0.8999999999999999 0.5 0.1 1 0.779802 497.09
DOG 10 0.5 0.8999999999999999 0.8999999999999999 0.5 0.1 1 0.775911 438.58
DOG 10 0.5 0.8999999999999999 0.9999999999999999 0.5 0.1 1 0.778897 482.17
DOG 10 0.5 0.8999999999999999 0.9999999999999999 0.5 0.1 1 0.776902 515.3
DOG 10 0.5 0.8999999999999999 0.9999999999999999 0.5 0.1 1 0.782664 466.06
DOG 10 0.5 0.9999999999999999 0.5 0.5 0.1 1 0.782292 1006.65
DOG 10 0.5 0.9999999999999999 0.5 0.5 0.1 1 0.780496 1019.92
DOG 10 0.5 0.9999999999999999 0.5 0.5 0.1 1 0.783048 910.0
DOG 10 0.5 0.9999999999999999 0.6 0.5 0.1 1 0.782677 920.17
DOG 10 0.5 0.9999999999999999 0.6 0.5 0.1 1 0.776320 902.01
DOG 10 0.5 0.9999999999999999 0.6 0.5 0.1 1 0.777113 885.26
DOG 10 0.5 0.9999999999999999 0.7 0.5 0.1 1 0.779926 963.42
DOG 10 0.5 0.9999999999999999 0.7 0.5 0.1 1 0.788116 963.17
DOG 10 0.5 0.9999999999999999 0.7 0.5 0.1 1 0.792429 899.05
DOG 10 0.5 0.9999999999999999 0.7999999999999999 0.5 0.1 1 0.777162 985.76
DOG 10 0.5 0.9999999999999999 0.7999999999999999 0.5 0.1 1 0.781276 967.45
DOG 10 0.5 0.9999999999999999 0.7999999999999999 0.5 0.1 1 0.781140 938.13
DOG 10 0.5 0.9999999999999999 0.8999999999999999 0.5 0.1 1 0.782788 941.29
DOG 10 0.5 0.9999999999999999 0.8999999999999999 0.5 0.1 1 0.788364 1009.5
DOG 10 0.5 0.9999999999999999 0.8999999999999999 0.5 0.1 1 0.783482 984.82
DOG 10 0.5 0.9999999999999999 0.9999999999999999 0.5 0.1 1 0.778166 974.85
DOG 10 0.5 0.9999999999999999 0.9999999999999999 0.5 0.1 1 0.780595 892.96
DOG 10 0.5 0.9999999999999999 0.9999999999999999 0.5 0.1 1 0.773098 975.9
