DOG 10 0.5 0.8 0.8 0.0 0.1 1 0.817447 0.0
DOG 10 0.5 0.8 0.8 0.0 0.1 1 0.812986 0.0
DOG 10 0.5 0.8 0.8 0.0 0.1 1 0.817014 0.0
DOG 10 0.5 0.8 0.8 0.1 0.1 1 0.816097 86.32
DOG 10 0.5 0.8 0.8 0.1 0.1 1 0.816927 89.43
DOG 10 0.5 0.8 0.8 0.1 0.1 1 0.817249 89.45
DOG 10 0.5 0.8 0.8 0.2 0.1 1 0.814015 191.29
DOG 10 0.5 0.8 0.8 0.2 0.1 1 0.812280 196.27
DOG 10 0.5 0.8 0.8 0.2 0.1 1 0.808203 217.83
DOG 10 0.5 0.8 0.8 0.30000000000000004 0.1 1 0.800781 291.83
DOG 10 0.5 0.8 0.8 0.30000000000000004 0.1 1 0.804585 281.74
DOG 10 0.5 0.8 0.8 0.30000000000000004 0.1 1 0.802255 320.93
DOG 10 0.5 0.8 0.8 0.4 0.1 1 0.789467 374.47
DOG 10 0.5 0.8 0.8 0.4 0.1 1 0.793259 376.81
DOG 10 0.5 0.8 0.8 0.4 0.1 1 0.791041 370.9
DOG 10 0.5 0.8 0.8 0.5 0.1 1 0.782020 482.8
DOG 10 0.5 0.8 0.8 0.5 0.1 1 0.779876 527.81
DOG 10 0.5 0.8 0.8 0.5 0.1 1 0.785576 484.52
DOG 10 0.5 0.8 0.8 0.6 0.1 1 0.761760 559.73
DOG 10 0.5 0.8 0.8 0.6 0.1 1 0.766468 559.98
DOG 10 0.5 0.8 0.8 0.6 0.1 1 0.760260 557.97
DOG 10 0.5 0.8 0.8 0.7 0.1 1 0.720582 756.02
DOG 10 0.5 0.8 0.8 0.7 0.1 1 0.722800 628.02
DOG 10 0.5 0.8 0.8 0.7 0.1 1 0.726196 611.21
DOG 10 0.5 0.8 0.8 0.7999999999999999 0.1 1 0.669752 803.75
DOG 10 0.5 0.8 0.8 0.7999999999999999 0.1 1 0.666902 813.37
DOG 10 0.5 0.8 0.8 0.7999999999999999 0.1 1 0.662800 837.14
DOG 10 0.5 0.8 0.8 0.8999999999999999 0.1 1 0.553804 893.27
DOG 10 0.5 0.8 0.8 0.8999999999999999 0.1 1 0.553185 898.49
DOG 10 0.5 0.8 0.8 0.8999999999999999 0.1 1 0.553011 968.94
DOG 10 0.5 0.8 0.8 0.9999999999999999 0.1 1 0.291648 971.97
DOG 10 0.5 0.8 0.8 0.9999999999999999 0.1 1 0.307732 1082.62
DOG 10 0.5 0.8 0.8 0.9999999999999999 0.1 1 0.299789 1074.07
DOG 10 0.5 0.8 0.8 0.5 0.0 1 0.775328 507.0
DOG 10 0.5 0.8 0.8 0.5 0.0 1 0.775229 498.43
DOG 10 0.5 0.8 0.8 0.5 0.0 1 0.772169 474.27
DOG 10 0.5 0.8 0.8 0.5 0.1 1 0.778662 441.49
DOG 10 0.5 0.8 0.8 0.5 0.1 1 0.777435 502.26
DOG 10 0.5 0.8 0.8 0.5 0.1 1 0.776208 485.35
DOG 10 0.5 0.8 0.8 0.5 0.2 1 0.779195 422.66
DOG 10 0.5 0.8 0.8 0.5 0.2 1 0.778823 419.06
DOG 10 0.5 0.8 0.8 0.5 0.2 1 0.777770 430.67
DOG 10 0.5 0.8 0.8 0.5 0.30000000000000004 1 0.782788 419.11
DOG 10 0.5 0.8 0.8 0.5 0.30000000000000004 1 0.784511 375.14
DOG 10 0.5 0.8 0.8 0.5 0.30000000000000004 1 0.778141 347.77
DOG 10 0.5 0.8 0.8 0.5 0.4 1 0.782714 348.38
DOG 10 0.5 0.8 0.8 0.5 0.4 1 0.781784 318.28
DOG 10 0.5 0.8 0.8 0.5 0.4 1 0.786555 335.75
DOG 10 0.5 0.8 0.8 0.5 0.5 1 0.786382 296.88
DOG 10 0.5 0.8 0.8 0.5 0.5 1 0.784907 295.27
DOG 10 0.5 0.8 0.8 0.5 0.5 1 0.790037 292.08
DOG 10 0.5 0.8 0.8 0.5 0.1 1 0.779331 466.4
DOG 10 0.5 0.8 0.8 0.5 0.1 1 0.780198 476.32
DOG 10 0.5 0.8 0.8 0.5 0.1 1 0.774709 468.12
DOG 10 0.5 0.8 0.8 0.5 0.1 2 0.772627 446.48
DOG 10 0.5 0.8 0.8 0.5 0.1 2 0.778092 450.66
DOG 10 0.5 0.8 0.8 0.5 0.1 2 0.780211 470.42
DOG 10 0.5 0.8 0.8 0.5 0.1 3 0.776803 476.52
DOG 10 0.5 0.8 0.8 0.5 0.1 3 0.776245 482.88
DOG 10 0.5 0.8 0.8 0.5 0.1 3 0.768674 490.53
DOG 10 0.5 0.8 0.8 0.5 0.1 4 0.770124 506.67
DOG 10 0.5 0.8 0.8 0.5 0.1 4 0.764473 476.58
DOG 10 0.5 0.8 0.8 0.5 0.1 4 0.768612 505.01
DOG 10 0.5 0.8 0.8 0.5 0.1 5 0.765874 484.9
DOG 10 0.5 0.8 0.8 0.5 0.1 5 0.761995 474.74
DOG 10 0.5 0.8 0.8 0.5 0.1 5 0.765118 467.48
DOG 10 0.5 0.5 0.5 0.5 0.1 1 0.781797 260.06
DOG 10 0.5 0.5 0.5 0.5 0.1 1 0.775750 274.52
DOG 10 0.5 0.5 0.5 0.5 0.1 1 0.779876 262.67
DOG 10 0.5 0.5 0.6 0.5 0.1 1 0.780025 311.76
DOG 10 0.5 0.5 0.6 0.5 0.1 1 0.776877 306.82
DOG 10 0.5 0.5 0.6 0.5 0.1 1 0.773705 320.64
DOG 10 0.5 0.5 0.7 0.5 0.1 1 0.772540 317.51
DOG 10 0.5 0.5 0.7 0.5 0.1 1 0.764808 312.29
DOG 10 0.5 0.5 0.7 0.5 0.1 1 0.777646 292.45
DOG 10 0.5 0.5 0.7999999999999999 0.5 0.1 1 0.778377 333.23
DOG 10 0.5 0.5 0.7999999999999999 0.5 0.1 1 0.777993 321.63
DOG 10 0.5 0.5 0.7999999999999999 0.5 0.1 1 0.775006 326.12
DOG 10 0.5 0.5 0.8999999999999999 0.5 0.1 1 0.777088 346.14
DOG 10 0.5 0.5 0.8999999999999999 0.5 0.1 1 0.773519 323.15
DOG 10 0.5 0.5 0.8999999999999999 0.5 0.1 1 0.776778 353.15
DOG 10 0.5 0.5 0.9999999999999999 0.5 0.1 1 0.775539 367.93
DOG 10 0.5 0.5 0.9999999999999999 0.5 0.1 1 0.774857 343.49
DOG 10 0.5 0.5 0.9999999999999999 0.5 0.1 1 0.768910 336.81
DOG 10 0.5 0.6 0.5 0.5 0.1 1 0.771450 238.11
DOG 10 0.5 0.6 0.5 0.5 0.1 1 0.779517 256.09
DOG 10 0.5 0.6 0.5 0.5 0.1 1 0.549950 77.44
DOG 10 0.5 0.6 0.6 0.5 0.1 1 0.776431 278.0
DOG 10 0.5 0.6 0.6 0.5 0.1 1 0.774287 296.52
DOG 10 0.5 0.6 0.6 0.5 0.1 1 0.778451 304.92
DOG 10 0.5 0.6 0.7 0.5 0.1 1 0.774994 340.46
DOG 10 0.5 0.6 0.7 0.5 0.1 1 0.782156 300.03
DOG 10 0.5 0.6 0.7 0.5 0.1 1 0.779517 346.84
DOG 10 0.5 0.6 0.7999999999999999 0.5 0.1 1 0.777621 334.1
DOG 10 0.5 0.6 0.7999999999999999 0.5 0.1 1 0.776134 350.13
DOG 10 0.5 0.6 0.7999999999999999 0.5 0.1 1 0.769665 384.11
DOG 10 0.5 0.6 0.8999999999999999 0.5 0.1 1 0.775725 344.44
DOG 10 0.5 0.6 0.8999999999999999 0.5 0.1 1 0.778686 348.43
DOG 10 0.5 0.6 0.8999999999999999 0.5 0.1 1 0.774238 312.22
DOG 10 0.5 0.6 0.9999999999999999 0.5 0.1 1 0.776976 318.22
DOG 10 0.5 0.6 0.9999999999999999 0.5 0.1 1 0.773222 341.81
DOG 10 0.5 0.6 0.9999999999999999 0.5 0.1 1 0.778055 359.49
DOG 10 0.5 0.7 0.5 0.5 0.1 1 0.750446 232.97
DOG 10 0.5 0.7 0.5 0.5 0.1 1 0.778612 251.62
DOG 10 0.5 0.7 0.5 0.5 0.1 1 0.775651 264.34
DOG 10 0.5 0.7 0.6 0.5 0.1 1 0.780632 290.5
DOG 10 0.5 0.7 0.6 0.5 0.1 1 0.777175 299.25
DOG 10 0.5 0.7 0.6 0.5 0.1 1 0.776270 302.57
DOG 10 0.5 0.7 0.7 0.5 0.1 1 0.775403 315.69
DOG 10 0.5 0.7 0.7 0.5 0.1 1 0.772230 342.13
DOG 10 0.5 0.7 0.7 0.5 0.1 1 0.772416 331.46
DOG 10 0.5 0.7 0.7999999999999999 0.5 0.1 1 0.784176 377.71
DOG 10 0.5 0.7 0.7999999999999999 0.5 0.1 1 0.774002 308.81
DOG 10 0.5 0.7 0.7999999999999999 0.5 0.1 1 0.778042 314.48
DOG 10 0.5 0.7 0.8999999999999999 0.5 0.1 1 0.765923 367.54
DOG 10 0.5 0.7 0.8999999999999999 0.5 0.1 1 0.776729 302.8
DOG 10 0.5 0.7 0.8999999999999999 0.5 0.1 1 0.779207 311.79
DOG 10 0.5 0.7 0.9999999999999999 0.5 0.1 1 0.774275 317.62
DOG 10 0.5 0.7 0.9999999999999999 0.5 0.1 1 0.772986 319.64
DOG 10 0.5 0.7 0.9999999999999999 0.5 0.1 1 0.781128 303.04
DOG 10 0.5 0.7999999999999999 0.5 0.5 0.1 1 0.777633 397.17
DOG 10 0.5 0.7999999999999999 0.5 0.5 0.1 1 0.759504 348.69
DOG 10 0.5 0.7999999999999999 0.5 0.5 0.1 1 0.780372 380.01
DOG 10 0.5 0.7999999999999999 0.6 0.5 0.1 1 0.781896 440.11
DOG 10 0.5 0.7999999999999999 0.6 0.5 0.1 1 0.786753 461.92
DOG 10 0.5 0.7999999999999999 0.6 0.5 0.1 1 0.778129 461.17
DOG 10 0.5 0.7999999999999999 0.7 0.5 0.1 1 0.780520 466.51
DOG 10 0.5 0.7999999999999999 0.7 0.5 0.1 1 0.780446 478.9
DOG 10 0.5 0.7999999999999999 0.7 0.5 0.1 1 0.783222 475.88
DOG 10 0.5 0.7999999999999999 0.7999999999999999 0.5 0.1 1 0.785180 476.83
DOG 10 0.5 0.7999999999999999 0.7999999999999999 0.5 0.1 1 0.780112 491.77
DOG 10 0.5 0.7999999999999999 0.7999999999999999 0.5 0.1 1 0.775316 445.74
DOG 10 0.5 0.7999999999999999 0.8999999999999999 0.5 0.1 1 0.784535 472.46
DOG 10 0.5 0.7999999999999999 0.8999999999999999 0.5 0.1 1 0.783432 495.12
DOG 10 0.5 0.7999999999999999 0.8999999999999999 0.5 0.1 1 0.782850 461.92
DOG 10 0.5 0.7999999999999999 0.9999999999999999 0.5 0.1 1 0.780273 455.09
DOG 10 0.5 0.7999999999999999 0.9999999999999999 0.5 0.1 1 0.782677 461.12
DOG 10 0.5 0.7999999999999999 0.9999999999999999 0.5 0.1 1 0.777906 447.01
DOG 10 0.5 0.8999999999999999 0.5 0.5 0.1 1 0.779232 319.82
DOG 10 0.5 0.8999999999999999 0.5 0.5 0.1 1 0.781487 473.59
DOG 10 0.5 0.8999999999999999 0.5 0.5 0.1 1 0.763271 354.97
DOG 10 0.5 0.8999999999999999 0.6 0.5 0.1 1 0.780818 450.12
DOG 10 0.5 0.8999999999999999 0.6 0.5 0.1 1 0.779244 482.73
DOG 10 0.5 0.8999999999999999 0.6 0.5 0.1 1 0.777931 449.44
DOG 10 0.5 0.8999999999999999 0.7 0.5 0.1 1 0.781351 456.16
DOG 10 0.5 0.8999999999999999 0.7 0.5 0.1 1 0.772069 460.57
DOG 10 0.5 0.8999999999999999 0.7 0.5 0.1 1 0.785638 438.49
DOG 10 0.5 0.8999999999999999 0.7999999999999999 0.5 0.1 1 0.784436 458.53
DOG 10 0.5 0.8999999999999999 0.7999999999999999 0.5 0.1 1 0.774634 474.62
DOG 10 0.5 0.8999999999999999 0.7999999999999999 0.5 0.1 1 0.772156 450.93
DOG 10 0.5 0.8999999999999999 0.8999999999999999 0.5 0.1 1 0.780818 476.92
DOG 10 0.5 0.8999999999999999 0.8999999999999999 0.5 0.1 1 0.775130 447.53
DOG 10 0.5 0.8999999999999999 0.8999999999999999 0.5 0.1 1 0.775601 478.77
DOG 10 0.5 0.8999999999999999 0.9999999999999999 0.5 0.1 1 0.780657 458.29
DOG 10 0.5 0.8999999999999999 0.9999999999999999 0.5 0.1 1 0.777955 433.96
DOG 10 0.5 0.8999999999999999 0.9999999999999999 0.5 0.1 1 0.784994 435.58
DOG 10 0.5 0.9999999999999999 0.5 0.5 0.1 1 0.779752 957.06
DOG 10 0.5 0.9999999999999999 0.5 0.5 0.1 1 0.781859 948.63
DOG 10 0.5 0.9999999999999999 0.5 0.5 0.1 1 0.778141 921.66
DOG 10 0.5 0.9999999999999999 0.6 0.5 0.1 1 0.784164 986.91
DOG 10 0.5 0.9999999999999999 0.6 0.5 0.1 1 0.775068 878.72
DOG 10 0.5 0.9999999999999999 0.6 0.5 0.1 1 0.783247 920.65
DOG 10 0.5 0.9999999999999999 0.7 0.5 0.1 1 0.780880 958.11
DOG 10 0.5 0.9999999999999999 0.7 0.5 0.1 1 0.785043 963.74
DOG 10 0.5 0.9999999999999999 0.7 0.5 0.1 1 0.786121 866.14
DOG 10 0.5 0.9999999999999999 0.7999999999999999 0.5 0.1 1 0.786295 889.23
DOG 10 0.5 0.9999999999999999 0.7999999999999999 0.5 0.1 1 0.785589 986.99
DOG 10 0.5 0.9999999999999999 0.7999999999999999 0.5 0.1 1 0.782416 982.25
DOG 10 0.5 0.9999999999999999 0.8999999999999999 0.5 0.1 1 0.780198 907.45
DOG 10 0.5 0.9999999999999999 0.8999999999999999 0.5 0.1 1 0.777138 956.19
DOG 10 0.5 0.9999999999999999 0.8999999999999999 0.5 0.1 1 0.780558 938.87
DOG 10 0.5 0.9999999999999999 0.9999999999999999 0.5 0.1 1 0.777509 975.61
DOG 10 0.5 0.9999999999999999 0.9999999999999999 0.5 0.1 1 0.779219 979.78
DOG 10 0.5 0.9999999999999999 0.9999999999999999 0.5 0.1 1 0.786357 926.18
